0 77
0.1 76
0.2 75
0.3 77
0.4 75
0.5 75
0.6 75
0.7 74
0.8 74
0.9 73
1 73
1.1 73
1.2 73
1.3 73
1.4 72
1.5 71
1.6 73
1.7 72
1.8 71
1.9 71
2 70
2.1 70
2.2 70
2.3 69
2.4 69
2.5 69
2.6 69
2.7 68
2.8 68
2.9 68
3 68
3.1 68
3.2 68
3.3 68
3.4 68
3.5 68
3.6 68
3.7 68
3.8 68
3.9 67
4 67
4.1 67
4.2 67
4.3 67
4.4 67
4.5 67
4.6 67
4.7 67
4.8 67
4.9 67
5 67
5.1 67
5.2 67
5.3 67
5.4 66
5.5 66
5.6 65
5.7 65
5.8 65
5.9 65
6 65
6.1 65
6.2 65
6.3 65
6.4 65
6.5 65
6.6 65
6.7 65
6.8 64
6.9 64
7 64
7.1 64
7.2 63
7.3 63
7.4 63
7.5 63
7.6 63
7.7 63
7.79999 63
7.89999 63
7.99999 63
8.09999 63
8.2 63
8.3 63
8.4 63
8.5 63
8.6 63
8.7 63
8.8 63
8.9 63
9 63
9.1 63
9.2 63
9.3 63
9.4 63
9.5 63
9.6 63
9.7 63
9.8 63
9.9 63
10 63
10.1 63
10.2 63
10.3 63
10.4 63
10.5 63
10.6 63
10.7 63
10.8 63
10.9 63
11 63
11.1 63
11.2 63
11.3 63
11.4 63
11.5 63
11.6 63
11.7 63
11.8 63
11.9 63
12 63
12.1 63
12.2 63
12.3 63
12.4 63
12.5 63
12.6 63
12.7 63
12.8 63
12.9 63
13 63
13.1 63
13.2 63
13.3 63
13.4 63
13.5 63
13.6 63
13.7 63
13.8 63
13.9 63
14 63
14.1 63
14.2 63
14.3 63
14.4 63
14.5 63
14.6 63
14.7 63
14.8 63
14.9 63
15 63
15.1 63
15.2 63
15.3 63
15.4 63
15.5 63
15.6 63
15.7 63
15.8 63
15.9 63
16 63
16.1 63
16.2 63
16.3 63
16.4 63
16.5 63
16.6 63
16.7 63
16.8 63
16.9 63
17 63
17.1 63
17.2 63
17.3 63
17.4 63
17.5 63
17.6 63
17.7 63
17.8 63
17.9 63
18 63
18.1 63
18.2 62
18.3 62
18.4 62
18.5 62
18.6 62
18.7 62
18.8 62
18.9 62
19 62
19.1 62
19.2 62
19.3 62
19.4 62
19.5 62
19.6 62
19.7 62
19.8 62
19.9 62
20 62
20.1 62
20.2 62
20.3 62
20.4 62
20.5 62
20.6 62
20.7 62
20.8 62
20.9 62
21 62
21.1 62
21.2 62
21.3 62
21.4 62
21.5 62
21.6 62
21.7 62
21.8 62
21.9 62
22 62
22.1 62
22.2 62
22.3 62
22.4 62
22.5 62
22.6 62
22.7001 62
22.8001 62
22.9001 62
23.0001 62
23.1001 62
23.2001 62
23.3001 62
23.4001 62
23.5001 62
23.6001 62
23.7001 62
23.8001 62
23.9001 62
24.0001 62
24.1001 62
24.2001 62
24.3001 62
24.4001 62
24.5001 62
24.6001 62
24.7001 62
24.8001 62
24.9001 62
25.0001 62
25.1001 62
25.2001 62
25.3001 62
25.4001 62
25.5001 62
25.6001 62
25.7001 62
25.8001 62
25.9001 62
26.0001 62
26.1001 62
26.2001 62
26.3001 62
26.4001 62
26.5001 62
26.6001 62
26.7001 62
26.8001 62
26.9001 62
27.0001 62
27.1001 62
27.2001 62
27.3001 62
27.4001 62
27.5001 62
27.6001 62
27.7001 62
27.8001 62
27.9001 62
28.0001 62
28.1001 62
28.2001 62
28.3001 62
28.4001 62
28.5001 62
28.6001 62
28.7001 62
28.8001 62
28.9001 62
29.0001 62
29.1001 62
29.2001 62
29.3001 62
29.4001 62
29.5001 62
29.6001 62
29.7001 62
29.8001 62
29.9001 62
30.0001 62
30.1001 62
30.2001 62
30.3001 62
30.4001 62
30.5001 62
30.6001 62
30.7001 62
30.8001 62
30.9001 62
31.0001 62
31.1001 62
31.2001 62
31.3001 62
31.4001 62
31.5001 62
31.6001 62
31.7001 62
31.8001 62
31.9001 62
32.0001 62
32.1001 62
32.2001 62
32.3001 62
32.4001 62
32.5001 62
32.6001 62
32.7001 62
32.8001 62
32.9001 62
33.0001 62
33.1001 62
33.2001 62
33.3001 62
33.4001 62
33.5001 62
33.6001 62
33.7001 62
33.8001 62
33.9001 62
34.0001 62
34.1001 62
34.2001 62
34.3 62
34.4 62
34.5 62
34.6 62
34.7 62
34.8 62
34.9 62
35 62
35.1 62
35.2 62
35.3 62
35.4 62
35.5 62
35.6 62
35.7 62
35.8 62
35.9 62
36 62
36.1 62
36.2 62
36.3 62
36.4 62
36.5 62
36.6 62
36.7 62
36.8 62
36.9 62
37 62
37.1 62
37.2 62
37.3 62
37.4 62
37.5 62
37.6 62
37.7 62
37.8 62
37.9 62
38 62
38.1 62
38.2 62
38.3 62
38.4 62
38.5 62
38.6 62
38.7 62
38.8 62
38.9 62
39 62
39.1 62
39.2 62
39.3 62
39.4 62
39.5 62
39.6 62
39.7 62
39.8 62
39.9 62
40 62
40.1 62
40.2 62
40.3 62
40.4 62
40.5 62
40.6 62
40.7 62
40.7999 62
40.8999 62
40.9999 62
41.0999 62
41.1999 62
41.2999 62
41.3999 62
41.4999 62
41.5999 62
41.6999 62
41.7999 62
41.8999 62
41.9999 62
42.0999 62
42.1999 62
42.2999 62
42.3999 62
42.4999 62
42.5999 62
42.6999 62
42.7999 62
42.8999 62
42.9999 62
43.0999 62
43.1999 62
43.2999 62
43.3999 62
43.4999 62
43.5999 62
43.6999 62
43.7999 62
43.8999 62
43.9999 62
44.0999 62
44.1999 62
44.2999 62
44.3999 62
44.4999 62
44.5999 62
44.6999 62
44.7999 62
44.8999 62
44.9999 62
45.0999 62
45.1999 62
45.2999 62
45.3999 62
45.4999 62
45.5999 62
45.6999 62
45.7999 62
45.8999 62
45.9999 62
46.0999 62
46.1999 62
46.2999 62
46.3999 62
46.4999 62
46.5999 62
46.6999 62
46.7999 62
46.8999 62
46.9999 62
47.0999 62
47.1999 62
47.2999 62
47.3998 62
47.4998 62
47.5998 62
47.6998 62
47.7998 62
47.8998 62
47.9998 62
48.0998 62
48.1998 62
48.2998 62
48.3998 62
48.4998 62
48.5998 62
48.6998 62
48.7998 62
48.8998 62
48.9998 62
49.0998 62
49.1998 62
49.2998 62
49.3998 62
49.4998 62
49.5998 62
49.6998 62
49.7998 62
49.8998 62
49.9998 62
50.0998 62
50.1998 62
50.2998 62
50.3998 62
50.4998 62
50.5998 62
50.6998 62
50.7998 62
50.8998 62
50.9998 62
51.0998 62
51.1998 62
51.2998 62
51.3998 62
51.4998 62
51.5998 62
51.6998 62
51.7998 62
51.8998 62
51.9998 62
52.0998 62
52.1998 62
52.2998 62
52.3998 62
52.4998 62
52.5998 62
52.6998 62
52.7998 62
52.8998 62
52.9998 62
53.0998 62
53.1998 62
53.2998 62
53.3998 62
53.4998 62
53.5998 62
53.6998 62
53.7998 62
53.8997 62
53.9997 62
54.0997 62
54.1997 62
54.2997 62
54.3997 62
54.4997 62
54.5997 62
54.6997 62
54.7997 62
54.8997 62
54.9997 62
55.0997 62
55.1997 62
55.2997 62
55.3997 62
55.4997 62
55.5997 62
55.6997 62
55.7997 62
55.8997 62
55.9997 62
56.0997 62
56.1997 62
56.2997 62
56.3997 62
56.4997 62
56.5997 62
56.6997 62
56.7997 62
56.8997 62
56.9997 62
57.0997 62
57.1997 62
57.2997 62
57.3997 62
57.4997 62
57.5997 62
57.6997 62
57.7997 62
57.8997 62
57.9997 62
58.0997 62
58.1997 62
58.2997 62
58.3997 62
58.4997 62
58.5997 62
58.6997 62
58.7997 62
58.8997 62
58.9997 62
59.0997 62
59.1997 62
59.2997 62
59.3997 62
59.4997 62
59.5997 62
59.6997 62
59.7997 62
59.8997 62
59.9997 62
60.0997 62
60.1997 62
60.2997 62
60.3997 62
60.4996 62
60.5996 62
60.6996 62
60.7996 62
60.8996 62
60.9996 62
61.0996 62
61.1996 62
61.2996 62
61.3996 62
61.4996 62
61.5996 62
61.6996 62
61.7996 62
61.8996 62
61.9996 62
62.0996 62
62.1996 62
62.2996 62
62.3996 62
62.4996 62
62.5996 62
62.6996 62
62.7996 62
62.8996 62
62.9996 62
63.0996 62
63.1996 62
63.2996 62
63.3996 62
63.4996 62
63.5996 62
63.6996 62
63.7996 62
63.8996 62
63.9996 62
64.0996 62
64.1996 62
64.2996 62
64.3996 62
64.4996 62
64.5996 62
64.6996 62
64.7996 62
64.8996 62
64.9996 62
65.0996 62
65.1996 62
65.2996 62
65.3996 62
65.4996 62
65.5996 62
65.6996 62
65.7996 62
65.8996 62
65.9996 62
66.0996 62
66.1996 62
66.2996 62
66.3996 62
66.4996 62
66.5996 62
66.6996 62
66.7996 62
66.8996 62
66.9995 62
67.0995 62
67.1995 62
67.2995 62
67.3995 62
67.4995 62
67.5995 62
67.6995 62
67.7995 62
67.8995 62
67.9995 62
68.0995 62
68.1995 62
68.2995 62
68.3995 62
68.4995 62
68.5995 62
68.6995 62
68.7995 62
68.8995 62
68.9995 62
69.0995 62
69.1995 62
69.2995 62
69.3995 62
69.4995 62
69.5995 62
69.6995 62
69.7995 62
69.8995 62
69.9995 62
70.0995 62
70.1995 62
70.2995 62
70.3995 62
70.4995 62
70.5995 62
70.6995 62
70.7995 62
70.8995 62
70.9995 62
71.0995 62
71.1995 62
71.2995 62
71.3995 62
71.4995 62
71.5995 62
71.6995 62
71.7995 62
71.8995 62
71.9995 62
72.0995 62
72.1995 62
72.2995 62
72.3995 62
72.4995 62
72.5995 62
72.6995 62
72.7995 62
72.8995 62
72.9995 62
73.0995 62
73.1995 62
73.2995 62
73.3995 62
73.4995 62
73.5994 62
73.6994 62
73.7994 62
