# MC_steps 	 Autocorrelation
0		0.997857
1		0.997857
2		0.997857
3		0.997857
4		0.997857
5		0.997857
6		0.997857
7		0.997857
8		0.997857
9		0.997857
10		0.997857
11		0.997857
12		0.997857
13		0.997857
14		0.997857
15		0.997857
16		0.997857
17		0.997857
18		0.997857
19		0.997857
20		0.997857
21		0.997857
22		0.997857
23		0.997857
24		0.997857
25		0.997857
26		0.997857
27		0.997857
28		0.997857
29		0.997857
30		0.997857
31		0.997857
32		0.997857
33		0.997857
34		0.997857
35		0.997857
36		0.997857
37		0.997857
38		0.997857
39		0.997857
40		0.997857
41		0.997857
42		0.997857
43		0.997857
44		0.997857
45		0.997857
46		0.997857
47		0.997857
48		0.997857
49		0.997857
50		0.997857
51		0.997857
52		0.997857
53		0.997857
54		0.997857
55		0.997857
56		0.997857
57		0.997857
58		0.997857
59		0.997857
60		0.997857
61		0.997857
62		0.997857
63		0.997857
64		0.997857
65		0.997857
66		0.997857
67		0.997857
68		0.997857
69		0.997857
70		0.997857
71		0.997857
72		0.997857
73		0.997857
74		0.997857
75		0.997857
76		0.997857
77		0.997857
78		0.997857
79		0.997857
80		0.997857
81		0.997857
82		0.997857
83		0.997857
84		0.997857
85		0.997857
86		0.997857
87		0.997857
88		0.997857
89		0.997857
90		0.997857
91		0.997857
92		0.997857
93		0.997857
94		0.997857
95		0.997857
96		0.997857
97		0.997857
98		0.997857
99		0.997857
100		0.997857
101		0.997857
102		0.997857
103		0.997857
104		0.997857
105		0.997857
106		0.997857
107		0.997857
108		0.997857
109		0.997857
110		0.997857
111		0.997857
112		0.997857
113		0.997857
114		0.997857
115		0.997857
116		0.997857
117		0.997857
118		0.997857
119		0.997857
120		0.997857
121		0.997857
122		0.997857
123		0.997857
124		0.997857
125		0.997857
126		0.997857
127		0.997857
128		0.997857
129		0.997857
130		0.997857
131		0.997857
132		0.997857
133		0.997857
134		0.997857
135		0.997857
136		0.997857
137		0.997857
138		0.997857
139		0.997857
140		0.997857
141		0.997857
142		0.997857
143		0.997857
144		0.997857
145		0.997857
146		0.997857
147		0.997857
148		0.997857
149		0.997857
150		0.997857
151		0.997857
152		0.997857
153		0.997857
154		0.997857
155		0.997857
156		0.997857
157		0.997857
158		0.997857
159		0.997857
160		0.997857
161		0.997857
162		0.997857
163		0.997857
164		0.997857
165		0.997857
166		0.997857
167		0.997857
168		0.997857
169		0.997857
170		0.997857
171		0.997857
172		0.997857
173		0.997857
174		0.997857
175		0.997857
176		0.997857
177		0.997857
178		0.997857
179		0.997857
180		0.997857
181		0.997857
182		0.997857
183		0.997857
184		0.997857
185		0.997857
186		0.997857
187		0.997857
188		0.997857
189		0.997857
190		0.997857
191		0.997857
192		0.997857
193		0.997857
194		0.997857
195		0.997857
196		0.997857
197		0.997857
198		0.997857
199		0.997857
200		0.997857
201		0.997857
202		0.997857
203		0.997857
204		0.997857
205		0.997857
206		0.997857
207		0.997857
208		0.997857
209		0.997857
210		0.997857
211		0.997857
212		0.997857
213		0.997857
214		0.997857
215		0.997857
216		0.997857
217		0.997857
218		0.997857
219		0.997857
220		0.997857
221		0.997857
222		0.997857
223		0.997857
224		0.997857
225		0.997857
226		0.997857
227		0.997857
228		0.997857
229		0.997857
230		0.997857
231		0.997857
232		0.997857
233		0.997857
234		0.997857
235		0.997857
236		0.997857
237		0.997857
238		0.997857
239		0.997857
240		0.997857
241		0.997857
242		0.997857
243		0.997857
244		0.997857
245		0.997857
246		0.997857
247		0.997857
248		0.997857
249		0.997857
250		0.997857
251		0.997857
252		0.997857
253		0.997857
254		0.997857
255		0.997857
256		0.997857
257		0.997857
258		0.997857
259		0.997857
260		0.997857
261		0.997857
262		0.997857
263		0.997857
264		0.997857
265		0.997857
266		0.997857
267		0.997857
268		0.997857
269		0.997857
270		0.997857
271		0.997857
272		0.997857
273		0.997857
274		0.997857
275		0.997857
276		0.997857
277		0.997857
278		0.997857
279		0.997857
280		0.997857
281		0.997857
282		0.997857
283		0.997857
284		0.997857
285		0.997857
286		0.997857
287		0.997857
288		0.997857
289		0.997857
290		0.997857
291		0.997857
292		0.997857
293		0.997857
294		0.997857
295		0.997857
296		0.997857
297		0.997857
298		0.997857
299		0.997857
300		0.997857
301		0.997857
302		0.997857
303		0.997857
304		0.997857
305		0.997857
306		0.997857
307		0.997857
308		0.997857
309		0.997857
310		0.997857
311		0.997857
312		0.997857
313		0.997857
314		0.997857
315		0.997857
316		0.997857
317		0.997857
318		0.997857
319		0.997857
320		0.997857
321		0.997857
322		0.997857
323		0.997857
324		0.997857
325		0.997857
326		0.997857
327		0.997857
328		0.997857
329		0.997857
330		0.997857
331		0.997857
332		0.997857
333		0.997857
334		0.997857
335		0.997857
336		0.997857
337		0.997857
338		0.997857
339		0.997857
340		0.997857
341		0.997857
342		0.997857
343		0.997857
344		0.997857
345		0.997857
346		0.997857
347		0.997857
348		0.997857
349		0.997857
350		0.997857
351		0.997857
352		0.997857
353		0.997857
354		0.997857
355		0.997857
356		0.997857
357		0.997857
358		0.997857
359		0.997857
360		0.997857
361		0.997857
362		0.997857
363		0.997857
364		0.997857
365		0.997857
366		0.997857
367		0.997857
368		0.997857
369		0.997857
370		0.997857
371		0.997857
372		0.997857
373		0.997857
374		0.997857
375		0.997857
376		0.997857
377		0.997857
378		0.997857
379		0.997857
380		0.997857
381		0.997857
382		0.997857
383		0.997857
384		0.997857
385		0.997857
386		0.997857
387		0.997857
388		0.997857
389		0.997857
390		0.997857
391		0.997857
392		0.997857
393		0.997857
394		0.997857
395		0.997857
396		0.997857
397		0.997857
398		0.997857
399		0.997857
400		0.997857
401		0.997857
402		0.997857
403		0.997857
404		0.997857
405		0.997857
406		0.997857
407		0.997857
408		0.997857
409		0.997857
410		0.997857
411		0.997857
412		0.997857
413		0.997857
414		0.997857
415		0.997857
416		0.997857
417		0.997857
418		0.997857
419		0.997857
420		0.997857
421		0.997857
422		0.997857
423		0.997857
424		0.997857
425		0.997857
426		0.997857
427		0.997857
428		0.997857
429		0.997857
430		0.997857
431		0.997857
432		0.997857
433		0.997857
434		0.997857
435		0.997857
436		0.997857
437		0.997857
438		0.997857
439		0.997857
440		0.997857
441		0.997857
442		0.997857
443		0.997857
444		0.997857
445		0.997857
446		0.997857
447		0.997857
448		0.997857
449		0.997857
450		0.997857
451		0.997857
452		0.997857
453		0.997857
454		0.997857
455		0.997857
456		0.997857
457		0.997857
458		0.997857
459		0.997857
460		0.997857
461		0.997857
462		0.997857
463		0.997857
464		0.997857
465		0.997857
466		0.997857
467		0.997857
468		0.997857
469		0.997857
470		0.997857
471		0.997857
472		0.997857
473		0.997857
474		0.997857
475		0.997857
476		0.997857
477		0.997857
478		0.997857
479		0.997857
480		0.997857
481		0.997857
482		0.997857
483		0.997857
484		0.997857
485		0.997857
486		0.997857
487		0.997857
488		0.997857
489		0.997857
490		0.997857
491		0.997857
492		0.997857
493		0.997857
494		0.997857
495		0.997857
496		0.997857
497		0.997857
498		0.997857
499		0.997857
500		0.997857
501		0.997857
502		0.997857
503		0.997857
504		0.997857
505		0.997857
506		0.997857
507		0.997857
508		0.997857
509		0.997857
510		0.997857
511		0.997857
512		0.997857
513		0.997857
514		0.997857
515		0.997857
516		0.997857
517		0.997857
518		0.997857
519		0.997857
520		0.997857
521		0.997857
522		0.997857
523		0.997857
524		0.997857
525		0.997857
526		0.997857
527		0.997857
528		0.997857
529		0.997857
530		0.997857
531		0.997857
532		0.997857
533		0.997857
534		0.997857
535		0.997857
536		0.997857
537		0.997857
538		0.997857
539		0.997857
540		0.997857
541		0.997857
542		0.997857
543		0.997857
544		0.997857
545		0.997857
546		0.997857
547		0.997857
548		0.997857
549		0.997857
550		0.997857
551		0.997857
552		0.997857
553		0.997857
554		0.997857
555		0.997857
556		0.997857
557		0.997857
558		0.997857
559		0.997857
560		0.997857
561		0.997857
562		0.997857
563		0.997857
564		0.997857
565		0.997857
566		0.997857
567		0.997857
568		0.997857
569		0.997857
570		0.997857
571		0.997857
572		0.997857
573		0.997857
574		0.997857
575		0.997857
576		0.997857
577		0.997857
578		0.997857
579		0.997857
580		0.997857
581		0.997857
582		0.997857
583		0.997857
584		0.997857
585		0.997857
586		0.997857
587		0.997857
588		0.997857
589		0.997857
590		0.997857
591		0.997857
592		0.997857
593		0.997857
594		0.997857
595		0.997857
596		0.997857
597		0.997857
598		0.997857
599		0.997857
600		0.997857
601		0.997857
602		0.997857
603		0.997857
604		0.997857
605		0.997857
606		0.997857
607		0.997857
608		0.997857
609		0.997857
610		0.997857
611		0.997857
612		0.997857
613		0.997857
614		0.997857
615		0.997857
616		0.997857
617		0.997857
618		0.997857
619		0.997857
620		0.997857
621		0.997857
622		0.997857
623		0.997857
624		0.997857
625		0.997857
626		0.997857
627		0.997857
628		0.997857
629		0.997857
630		0.997857
631		0.997857
632		0.997857
633		0.997857
634		0.997857
635		0.997857
636		0.997857
637		0.997857
638		0.997857
639		0.997857
640		0.997857
641		0.997857
642		0.997857
643		0.997857
644		0.997857
645		0.997857
646		0.997857
647		0.997857
648		0.997857
649		0.997857
650		0.997857
651		0.997857
652		0.997857
653		0.997857
654		0.997857
655		0.997857
656		0.997857
657		0.997857
658		0.997857
659		0.997857
660		0.997857
661		0.997857
662		0.997857
663		0.997857
664		0.997857
665		0.997857
666		0.997857
667		0.997857
668		0.997857
669		0.997857
670		0.997857
671		0.997857
672		0.997857
673		0.997857
674		0.997857
675		0.997857
676		0.997857
677		0.997857
678		0.997857
679		0.997857
680		0.997857
681		0.997857
682		0.997857
683		0.997857
684		0.997857
685		0.997857
686		0.997857
687		0.997857
688		0.997857
689		0.997857
690		0.997857
691		0.997857
692		0.997857
693		0.997857
694		0.997857
695		0.997857
696		0.997857
697		0.997857
698		0.997857
699		0.997857
700		0.997857
701		0.997857
702		0.997857
703		0.997857
704		0.997857
705		0.997857
706		0.997857
707		0.997857
708		0.997857
709		0.997857
710		0.997857
711		0.997857
712		0.997857
713		0.997857
714		0.997857
715		0.997857
716		0.997857
717		0.997857
718		0.997857
719		0.997857
720		0.997857
721		0.997857
722		0.997857
723		0.997857
724		0.997857
725		0.997857
726		0.997857
727		0.997857
728		0.997857
729		0.997857
730		0.997857
731		0.997857
732		0.997857
733		0.997857
734		0.997857
735		0.997857
736		0.997857
737		0.997857
738		0.997857
739		0.997857
740		0.997857
741		0.997857
742		0.997857
743		0.997857
744		0.997857
745		0.997857
746		0.997857
747		0.997857
748		0.997857
749		0.997857
750		0.997857
751		0.997857
752		0.997857
753		0.997857
754		0.997857
755		0.997857
756		0.997857
757		0.997857
758		0.997857
759		0.997857
760		0.997857
761		0.997857
762		0.997857
763		0.997857
764		0.997857
765		0.997857
766		0.997857
767		0.997857
768		0.997857
769		0.997857
770		0.997857
771		0.997857
772		0.997857
773		0.997857
774		0.997857
775		0.997857
776		0.997857
777		0.997857
778		0.997857
779		0.997857
780		0.997857
781		0.997857
782		0.997857
783		0.997857
784		0.997857
785		0.997857
786		0.997857
787		0.997857
788		0.997857
789		0.997857
790		0.997857
791		0.997857
792		0.997857
793		0.997857
794		0.997857
795		0.997857
796		0.997857
797		0.997857
798		0.997857
799		0.997857
800		0.997857
801		0.997857
802		0.997857
803		0.997857
804		0.997857
805		0.997857
806		0.997857
807		0.997857
808		0.997857
809		0.997857
810		0.997857
811		0.997857
812		0.997857
813		0.997857
814		0.997857
815		0.997857
816		0.997857
817		0.997857
818		0.997857
819		0.997857
820		0.997857
821		0.997857
822		0.997857
823		0.997857
824		0.997857
825		0.997857
826		0.997857
827		0.997857
828		0.997857
829		0.997857
830		0.997857
831		0.997857
832		0.997857
833		0.997857
834		0.997857
835		0.997857
836		0.997857
837		0.997857
838		0.997857
839		0.997857
840		0.997857
841		0.997857
842		0.997857
843		0.997857
844		0.997857
845		0.997857
846		0.997857
847		0.997857
848		0.997857
849		0.997857
850		0.997857
851		0.997857
852		0.997857
853		0.997857
854		0.997857
855		0.997857
856		0.997857
857		0.997857
858		0.997857
859		0.997857
860		0.997857
861		0.997857
862		0.997857
863		0.997857
864		0.997857
865		0.997857
866		0.997857
867		0.997857
868		0.997857
869		0.997857
870		0.997857
871		0.997857
872		0.997857
873		0.997857
874		0.997857
875		0.997857
876		0.997857
877		0.997857
878		0.997857
879		0.997857
880		0.997857
881		0.997857
882		0.997857
883		0.997857
884		0.997857
885		0.997857
886		0.997857
887		0.997857
888		0.997857
889		0.997857
890		0.997857
891		0.997857
892		0.997857
893		0.997857
894		0.997857
895		0.997857
896		0.997857
897		0.997857
898		0.997857
899		0.997857
900		0.997857
901		0.997857
902		0.997857
903		0.997857
904		0.997857
905		0.997857
906		0.997857
907		0.997857
908		0.997857
909		0.997857
910		0.997857
911		0.997857
912		0.997857
913		0.997857
914		0.997857
915		0.997857
916		0.997857
917		0.997857
918		0.997857
919		0.997857
920		0.997857
921		0.997857
922		0.997857
923		0.997857
924		0.997857
925		0.997857
926		0.997857
927		0.997857
928		0.997857
929		0.997857
930		0.997857
931		0.997857
932		0.997857
933		0.997857
934		0.997857
935		0.997857
936		0.997857
937		0.997857
938		0.997857
939		0.997857
940		0.997857
941		0.997857
942		0.997857
943		0.997857
944		0.997857
945		0.997857
946		0.997857
947		0.997857
948		0.997857
949		0.997857
950		0.997857
951		0.997857
952		0.997857
953		0.997857
954		0.997857
955		0.997857
956		0.997857
957		0.997857
958		0.997857
959		0.997857
960		0.997857
961		0.997857
962		0.997857
963		0.997857
964		0.997857
965		0.997857
966		0.997857
967		0.997857
968		0.997857
969		0.997857
970		0.997857
971		0.997857
972		0.997857
973		0.997857
974		0.997857
975		0.997857
976		0.997857
977		0.997857
978		0.997857
979		0.997857
980		0.997857
981		0.997857
982		0.997857
983		0.997857
984		0.997857
985		0.997857
986		0.997857
987		0.997857
988		0.997857
989		0.997857
990		0.997857
991		0.997857
992		0.997857
993		0.997857
994		0.997857
995		0.997857
996		0.997857
997		0.997857
998		0.997857
999		0.997857
1000		0.997857
1001		0.997857
1002		0.997857
1003		0.997857
1004		0.997857
1005		0.997857
1006		0.997857
1007		0.997857
1008		0.997857
1009		0.997857
1010		0.997857
1011		0.997857
1012		0.997857
1013		0.997857
1014		0.997857
1015		0.997857
1016		0.997857
1017		0.997857
1018		0.997857
1019		0.997857
1020		0.997857
1021		0.997857
1022		0.997857
1023		0.997857
1024		0.997857
1025		0.997857
1026		0.997857
1027		0.997857
1028		0.997857
1029		0.997857
1030		0.997857
1031		0.997857
1032		0.997857
1033		0.997857
1034		0.997857
1035		0.997857
1036		0.997857
1037		0.997857
1038		0.997857
1039		0.997857
1040		0.997857
1041		0.997857
1042		0.997857
1043		0.997857
1044		0.997857
1045		0.997857
1046		0.997857
1047		0.997857
1048		0.997857
1049		0.997857
1050		0.997857
1051		0.997857
1052		0.997857
1053		0.997857
1054		0.997857
1055		0.997857
1056		0.997857
1057		0.997857
1058		0.997857
1059		0.997857
1060		0.997857
1061		0.997857
1062		0.997857
1063		0.997857
1064		0.997857
1065		0.997857
1066		0.997857
1067		0.997857
1068		0.997857
1069		0.997857
1070		0.997857
1071		0.997857
1072		0.997857
1073		0.997857
1074		0.997857
1075		0.997857
1076		0.997857
1077		0.997857
1078		0.997857
1079		0.997857
1080		0.997857
1081		0.997857
1082		0.997857
1083		0.997857
1084		0.997857
1085		0.997857
1086		0.997857
1087		0.997857
1088		0.997857
1089		0.997857
1090		0.997857
1091		0.997857
1092		0.997857
1093		0.997857
1094		0.997857
1095		0.997857
1096		0.997857
1097		0.997857
1098		0.997857
1099		0.997857
1100		0.997857
1101		0.997857
1102		0.997857
1103		0.997857
1104		0.997857
1105		0.997857
1106		0.997857
1107		0.997857
1108		0.997857
1109		0.997857
1110		0.997857
1111		0.997857
1112		0.997857
1113		0.997857
1114		0.997857
1115		0.997857
1116		0.997857
1117		0.997857
1118		0.997857
1119		0.997857
1120		0.997857
1121		0.997857
1122		0.997857
1123		0.997857
1124		0.997857
1125		0.997857
1126		0.997857
1127		0.997857
1128		0.997857
1129		0.997857
1130		0.997857
1131		0.997857
1132		0.997857
1133		0.997857
1134		0.997857
1135		0.997857
1136		0.997857
1137		0.997857
1138		0.997857
1139		0.997857
1140		0.997857
1141		0.997857
1142		0.997857
1143		0.997857
1144		0.997857
1145		0.997857
1146		0.997857
1147		0.997857
1148		0.997857
1149		0.997857
1150		0.997857
1151		0.997857
1152		0.997857
1153		0.997857
1154		0.997857
1155		0.997857
1156		0.997857
1157		0.997857
1158		0.997857
1159		0.997857
1160		0.997857
1161		0.997857
1162		0.997857
1163		0.997857
1164		0.997857
1165		0.997857
1166		0.997857
1167		0.997857
1168		0.997857
1169		0.997857
1170		0.997857
1171		0.997857
1172		0.997857
1173		0.997857
1174		0.997857
1175		0.997857
1176		0.997857
1177		0.997857
1178		0.997857
1179		0.997857
1180		0.997857
1181		0.997857
1182		0.997857
1183		0.997857
1184		0.997857
1185		0.997857
1186		0.997857
1187		0.997857
1188		0.997857
1189		0.997857
1190		0.997857
1191		0.997857
1192		0.997857
1193		0.997857
1194		0.997857
1195		0.997857
1196		0.997857
1197		0.997857
1198		0.997857
1199		0.997857
1200		0.997857
1201		0.997857
1202		0.997857
1203		0.997857
1204		0.997857
1205		0.997857
1206		0.997857
1207		0.997857
1208		0.997857
1209		0.997857
1210		0.997857
1211		0.997857
1212		0.997857
1213		0.997857
1214		0.997857
1215		0.997857
1216		0.997857
1217		0.997857
1218		0.997857
1219		0.997857
1220		0.997857
1221		0.997857
1222		0.997857
1223		0.997857
1224		0.997857
1225		0.997857
1226		0.997857
1227		0.997857
1228		0.997857
1229		0.997857
1230		0.997857
1231		0.997857
1232		0.997857
1233		0.997857
1234		0.997857
1235		0.997857
1236		0.997857
1237		0.997857
1238		0.997857
1239		0.997857
1240		0.997857
1241		0.997857
1242		0.997857
1243		0.997857
1244		0.997857
1245		0.997857
1246		0.997857
1247		0.997857
1248		0.997857
1249		0.997857
1250		0.997857
1251		0.997857
1252		0.997857
1253		0.997857
1254		0.997857
1255		0.997857
1256		0.997857
1257		0.997857
1258		0.997857
1259		0.997857
1260		0.997857
1261		0.997857
1262		0.997857
1263		0.997857
1264		0.997857
1265		0.997857
1266		0.997857
1267		0.997857
1268		0.997857
1269		0.997857
1270		0.997857
1271		0.997857
1272		0.997857
1273		0.997857
1274		0.997857
1275		0.997857
1276		0.997857
1277		0.997857
1278		0.997857
1279		0.997857
1280		0.997857
1281		0.997857
1282		0.997857
1283		0.997857
1284		0.997857
1285		0.997857
1286		0.997857
1287		0.997857
1288		0.997857
1289		0.997857
1290		0.997857
1291		0.997857
1292		0.997857
1293		0.997857
1294		0.997857
1295		0.997857
1296		0.997857
1297		0.997857
1298		0.997857
1299		0.997857
1300		0.997857
1301		0.997857
1302		0.997857
1303		0.997857
1304		0.997857
1305		0.997857
1306		0.997857
1307		0.997857
1308		0.997857
1309		0.997857
1310		0.997857
1311		0.997857
1312		0.997857
1313		0.997857
1314		0.997857
1315		0.997857
1316		0.997857
1317		0.997857
1318		0.997857
1319		0.997857
1320		0.997857
1321		0.997857
1322		0.997857
1323		0.997857
1324		0.997857
1325		0.997857
1326		0.997857
1327		0.997857
1328		0.997857
1329		0.997857
1330		0.997857
1331		0.997857
1332		0.997857
1333		0.997857
1334		0.997857
1335		0.997857
1336		0.997857
1337		0.997857
1338		0.997857
1339		0.997857
1340		0.997857
1341		0.997857
1342		0.997857
1343		0.997857
1344		0.997857
1345		0.997857
1346		0.997857
1347		0.997857
1348		0.997857
1349		0.997857
1350		0.997857
1351		0.997857
1352		0.997857
1353		0.997857
1354		0.997857
1355		0.997857
1356		0.997857
1357		0.997857
1358		0.997857
1359		0.997857
1360		0.997857
1361		0.997857
1362		0.997857
1363		0.997857
1364		0.997857
1365		0.997857
1366		0.997857
1367		0.997857
1368		0.997857
1369		0.997857
1370		0.997857
1371		0.997857
1372		0.997857
1373		0.997857
1374		0.997857
1375		0.997857
1376		0.997857
1377		0.997857
1378		0.997857
1379		0.997857
1380		0.997857
1381		0.997857
1382		0.997857
1383		0.997857
1384		0.997857
1385		0.997857
1386		0.997857
1387		0.997857
1388		0.997857
1389		0.997857
1390		0.997857
1391		0.997857
1392		0.997857
1393		0.997857
1394		0.997857
1395		0.997857
1396		0.997857
1397		0.997857
1398		0.997857
1399		0.997857
1400		0.997857
1401		0.997857
1402		0.997857
1403		0.997857
1404		0.997857
1405		0.997857
1406		0.997857
1407		0.997857
1408		0.997857
1409		0.997857
1410		0.997857
1411		0.997857
1412		0.997857
1413		0.997857
1414		0.997857
1415		0.997857
1416		0.997857
1417		0.997857
1418		0.997857
1419		0.997857
1420		0.997857
1421		0.997857
1422		0.997857
1423		0.997857
1424		0.997857
1425		0.997857
1426		0.997857
1427		0.997857
1428		0.997857
1429		0.997857
1430		0.997857
1431		0.997857
1432		0.997857
1433		0.997857
1434		0.997857
1435		0.997857
1436		0.997857
1437		0.997857
1438		0.997857
1439		0.997857
1440		0.997857
1441		0.997857
1442		0.997857
1443		0.997857
1444		0.997857
1445		0.997857
1446		0.997857
1447		0.997857
1448		0.997857
1449		0.997857
1450		0.997857
1451		0.997857
1452		0.997857
1453		0.997857
1454		0.997857
1455		0.997857
1456		0.997857
1457		0.997857
1458		0.997857
1459		0.997857
1460		0.997857
1461		0.997857
1462		0.997857
1463		0.997857
1464		0.997857
1465		0.997857
1466		0.997857
1467		0.997857
1468		0.997857
1469		0.997857
1470		0.997857
1471		0.997857
1472		0.997857
1473		0.997857
1474		0.997857
1475		0.997857
1476		0.997857
1477		0.997857
1478		0.997857
1479		0.997857
1480		0.997857
1481		0.997857
1482		0.997857
1483		0.997857
1484		0.997857
1485		0.997857
1486		0.997857
1487		0.997857
1488		0.997857
1489		0.997857
1490		0.997857
1491		0.997857
1492		0.997857
1493		0.997857
1494		0.997857
1495		0.997857
1496		0.997857
1497		0.997857
1498		0.997857
1499		0.997857
1500		0.997857
1501		0.997857
1502		0.997857
1503		0.997857
1504		0.997857
1505		0.997857
1506		0.997857
1507		0.997857
1508		0.997857
1509		0.997857
1510		0.997857
1511		0.997857
1512		0.997857
1513		0.997857
1514		0.997857
1515		0.997857
1516		0.997857
1517		0.997857
1518		0.997857
1519		0.997857
1520		0.997857
1521		0.997857
1522		0.997857
1523		0.997857
1524		0.997857
1525		0.997857
1526		0.997857
1527		0.997857
1528		0.997857
1529		0.997857
1530		0.997857
1531		0.997857
1532		0.997857
1533		0.997857
1534		0.997857
1535		0.997857
1536		0.997857
1537		0.997857
1538		0.997857
1539		0.997857
1540		0.997857
1541		0.997857
1542		0.997857
1543		0.997857
1544		0.997857
1545		0.997857
1546		0.997857
1547		0.997857
1548		0.997857
1549		0.997857
1550		0.997857
1551		0.997857
1552		0.997857
1553		0.997857
1554		0.997857
1555		0.997857
1556		0.997857
1557		0.997857
1558		0.997857
1559		0.997857
1560		0.997857
1561		0.997857
1562		0.997857
1563		0.997857
1564		0.997857
1565		0.997857
1566		0.997857
1567		0.997857
1568		0.997857
1569		0.997857
1570		0.997857
1571		0.997857
1572		0.997857
1573		0.997857
1574		0.997857
1575		0.997857
1576		0.997857
1577		0.997857
1578		0.997857
1579		0.997857
1580		0.997857
1581		0.997857
1582		0.997857
1583		0.997857
1584		0.997857
1585		0.997857
1586		0.997857
1587		0.997857
1588		0.997857
1589		0.997857
1590		0.997857
1591		0.997857
1592		0.997857
1593		0.997857
1594		0.997857
1595		0.997857
1596		0.997857
1597		0.997857
1598		0.997857
1599		0.997857
1600		0.997857
1601		0.997857
1602		0.997857
1603		0.997857
1604		0.997857
1605		0.997857
1606		0.997857
1607		0.997857
1608		0.997857
1609		0.997857
1610		0.997857
1611		0.997857
1612		0.997857
1613		0.997857
1614		0.997857
1615		0.997857
1616		0.997857
1617		0.997857
1618		0.997857
1619		0.997857
1620		0.997857
1621		0.997857
1622		0.997857
1623		0.997857
1624		0.997857
1625		0.997857
1626		0.997857
1627		0.997857
1628		0.997857
1629		0.997857
1630		0.997857
1631		0.997857
1632		0.997857
1633		0.997857
1634		0.997857
1635		0.997857
1636		0.997857
1637		0.997857
1638		0.997857
1639		0.997857
1640		0.997857
1641		0.997857
1642		0.997857
1643		0.997857
1644		0.997857
1645		0.997857
1646		0.997857
1647		0.997857
1648		0.997857
1649		0.997857
1650		0.997857
1651		0.997857
1652		0.997857
1653		0.997857
1654		0.997857
1655		0.997857
1656		0.997857
1657		0.997857
1658		0.997857
1659		0.997857
1660		0.997857
1661		0.997857
1662		0.997857
1663		0.997857
1664		0.997857
1665		0.997857
1666		0.997857
1667		0.997857
1668		0.997857
1669		0.997857
1670		0.997857
1671		0.997857
1672		0.997857
1673		0.997857
1674		0.997857
1675		0.997857
1676		0.997857
1677		0.997857
1678		0.997857
1679		0.997857
1680		0.997857
1681		0.997857
1682		0.997857
1683		0.997857
1684		0.997857
1685		0.997857
1686		0.997857
1687		0.997857
1688		0.997857
1689		0.997857
1690		0.997857
1691		0.997857
1692		0.997857
1693		0.997857
1694		0.997857
1695		0.997857
1696		0.997857
1697		0.997857
1698		0.997857
1699		0.997857
1700		0.997857
1701		0.997857
1702		0.997857
1703		0.997857
1704		0.997857
1705		0.997857
1706		0.997857
1707		0.997857
1708		0.997857
1709		0.997857
1710		0.997857
1711		0.997857
1712		0.997857
1713		0.997857
1714		0.997857
1715		0.997857
1716		0.997857
1717		0.997857
1718		0.997857
1719		0.997857
1720		0.997857
1721		0.997857
1722		0.997857
1723		0.997857
1724		0.997857
1725		0.997857
1726		0.997857
1727		0.997857
1728		0.997857
1729		0.997857
1730		0.997857
1731		0.997857
1732		0.997857
1733		0.997857
1734		0.997857
1735		0.997857
1736		0.997857
1737		0.997857
1738		0.997857
1739		0.997857
1740		0.997857
1741		0.997857
1742		0.997857
1743		0.997857
1744		0.997857
1745		0.997857
1746		0.997857
1747		0.997857
1748		0.997857
1749		0.997857
1750		0.997857
1751		0.997857
1752		0.997857
1753		0.997857
1754		0.997857
1755		0.997857
1756		0.997857
1757		0.997857
1758		0.997857
1759		0.997857
1760		0.997857
1761		0.997857
1762		0.997857
1763		0.997857
1764		0.997857
1765		0.997857
1766		0.997857
1767		0.997857
1768		0.997857
1769		0.997857
1770		0.997857
1771		0.997857
1772		0.997857
1773		0.997857
1774		0.997857
1775		0.997857
1776		0.997857
1777		0.997857
1778		0.997857
1779		0.997857
1780		0.997857
1781		0.997857
1782		0.997857
1783		0.997857
1784		0.997857
1785		0.997857
1786		0.997857
1787		0.997857
1788		0.997857
1789		0.997857
1790		0.997857
1791		0.997857
1792		0.997857
1793		0.997857
1794		0.997857
1795		0.997857
1796		0.997857
1797		0.997857
1798		0.997857
1799		0.997857
1800		0.997857
1801		0.997857
1802		0.997857
1803		0.997857
1804		0.997857
1805		0.997857
1806		0.997857
1807		0.997857
1808		0.997857
1809		0.997857
1810		0.997857
1811		0.997857
1812		0.997857
1813		0.997857
1814		0.997857
1815		0.997857
1816		0.997857
1817		0.997857
1818		0.997857
1819		0.997857
1820		0.997857
1821		0.997857
1822		0.997857
1823		0.997857
1824		0.997857
1825		0.997857
1826		0.997857
1827		0.997857
1828		0.997857
1829		0.997857
1830		0.997857
1831		0.997857
1832		0.997857
1833		0.997857
1834		0.997857
1835		0.997857
1836		0.997857
1837		0.997857
1838		0.997857
1839		0.997857
1840		0.997857
1841		0.997857
1842		0.997857
1843		0.997857
1844		0.997857
1845		0.997857
1846		0.997857
1847		0.997857
1848		0.997857
1849		0.997857
1850		0.997857
1851		0.997857
1852		0.997857
1853		0.997857
1854		0.997857
1855		0.997857
1856		0.997857
1857		0.997857
1858		0.997857
1859		0.997857
1860		0.997857
1861		0.997857
1862		0.997857
1863		0.997857
1864		0.997857
1865		0.997857
1866		0.997857
1867		0.997857
1868		0.997857
1869		0.997857
1870		0.997857
1871		0.997857
1872		0.997857
1873		0.997857
1874		0.997857
1875		0.997857
1876		0.997857
1877		0.997857
1878		0.997857
1879		0.997857
1880		0.997857
1881		0.997857
1882		0.997857
1883		0.997857
1884		0.997857
1885		0.997857
1886		0.997857
1887		0.997857
1888		0.997857
1889		0.997857
1890		0.997857
1891		0.997857
1892		0.997857
1893		0.997857
1894		0.997857
1895		0.997857
1896		0.997857
1897		0.997857
1898		0.997857
1899		0.997857
1900		0.997857
1901		0.997857
1902		0.997857
1903		0.997857
1904		0.997857
1905		0.997857
1906		0.997857
1907		0.997857
1908		0.997857
1909		0.997857
1910		0.997857
1911		0.997857
1912		0.997857
1913		0.997857
1914		0.997857
1915		0.997857
1916		0.997857
1917		0.997857
1918		0.997857
1919		0.997857
1920		0.997857
1921		0.997857
1922		0.997857
1923		0.997857
1924		0.997857
1925		0.997857
1926		0.997857
1927		0.997857
1928		0.997857
1929		0.997857
1930		0.997857
1931		0.997857
1932		0.997857
1933		0.997857
1934		0.997857
1935		0.997857
1936		0.997857
1937		0.997857
1938		0.997857
1939		0.997857
1940		0.997857
1941		0.997857
1942		0.997857
1943		0.997857
1944		0.997857
1945		0.997857
1946		0.997857
1947		0.997857
1948		0.997857
1949		0.997857
1950		0.997857
1951		0.997857
1952		0.997857
1953		0.997857
1954		0.997857
1955		0.997857
1956		0.997857
1957		0.997857
1958		0.997857
1959		0.997857
1960		0.997857
1961		0.997857
1962		0.997857
1963		0.997857
1964		0.997857
1965		0.997857
1966		0.997857
1967		0.997857
1968		0.997857
1969		0.997857
1970		0.997857
1971		0.997857
1972		0.997857
1973		0.997857
1974		0.997857
1975		0.997857
1976		0.997857
1977		0.997857
1978		0.997857
1979		0.997857
1980		0.997857
1981		0.997857
1982		0.997857
1983		0.997857
1984		0.997857
1985		0.997857
1986		0.997857
1987		0.997857
1988		0.997857
1989		0.997857
1990		0.997857
1991		0.997857
1992		0.997857
1993		0.997857
1994		0.997857
1995		0.997857
1996		0.997857
1997		0.997857
1998		0.997857
1999		0.997857
2000		0.997857
2001		0.997857
2002		0.997857
2003		0.997857
2004		0.997857
2005		0.997857
2006		0.997857
2007		0.997857
2008		0.997857
2009		0.997857
2010		0.997857
2011		0.997857
2012		0.997857
2013		0.997857
2014		0.997857
2015		0.997857
2016		0.997857
2017		0.997857
2018		0.997857
2019		0.997857
2020		0.997857
2021		0.997857
2022		0.997857
2023		0.997857
2024		0.997857
2025		0.997857
2026		0.997857
2027		0.997857
2028		0.997857
2029		0.997857
2030		0.997857
2031		0.997857
2032		0.997857
2033		0.997857
2034		0.997857
2035		0.997857
2036		0.997857
2037		0.997857
2038		0.997857
2039		0.997857
2040		0.997857
2041		0.997857
2042		0.997857
2043		0.997857
2044		0.997857
2045		0.997857
2046		0.997857
2047		0.997857
2048		0.997857
2049		0.997857
2050		0.997857
2051		0.997857
2052		0.997857
2053		0.997857
2054		0.997857
2055		0.997857
2056		0.997857
2057		0.997857
2058		0.997857
2059		0.997857
2060		0.997857
2061		0.997857
2062		0.997857
2063		0.997857
2064		0.997857
2065		0.997857
2066		0.997857
2067		0.997857
2068		0.997857
2069		0.997857
2070		0.997857
2071		0.997857
2072		0.997857
2073		0.997857
2074		0.997857
2075		0.997857
2076		0.997857
2077		0.997857
2078		0.997857
2079		0.997857
2080		0.997857
2081		0.997857
2082		0.997857
2083		0.997857
2084		0.997857
2085		0.997857
2086		0.997857
2087		0.997857
2088		0.997857
2089		0.997857
2090		0.997857
2091		0.997857
2092		0.997857
2093		0.997857
2094		0.997857
2095		0.997857
2096		0.997857
2097		0.997857
2098		0.997857
2099		0.997857
2100		0.997857
2101		0.997857
2102		0.997857
2103		0.997857
2104		0.997857
2105		0.997857
2106		0.997857
2107		0.997857
2108		0.997857
2109		0.997857
2110		0.997857
2111		0.997857
2112		0.997857
2113		0.997857
2114		0.997857
2115		0.997857
2116		0.997857
2117		0.997857
2118		0.997857
2119		0.997857
2120		0.997857
2121		0.997857
2122		0.997857
2123		0.997857
2124		0.997857
2125		0.997857
2126		0.997857
2127		0.997857
2128		0.997857
2129		0.997857
2130		0.997857
2131		0.997857
2132		0.997857
2133		0.997857
2134		0.997857
2135		0.997857
2136		0.997857
2137		0.997857
2138		0.997857
2139		0.997857
2140		0.997857
2141		0.997857
2142		0.997857
2143		0.997857
2144		0.997857
2145		0.997857
2146		0.997857
2147		0.997857
2148		0.997857
2149		0.997857
2150		0.997857
2151		0.997857
2152		0.997857
2153		0.997857
2154		0.997857
2155		0.997857
2156		0.997857
2157		0.997857
2158		0.997857
2159		0.997857
2160		0.997857
2161		0.997857
2162		0.997857
2163		0.997857
2164		0.997857
2165		0.997857
2166		0.997857
2167		0.997857
2168		0.997857
2169		0.997857
2170		0.997857
2171		0.997857
2172		0.997857
2173		0.997857
2174		0.997857
2175		0.997857
2176		0.997857
2177		0.997857
2178		0.997857
2179		0.997857
2180		0.997857
2181		0.997857
2182		0.997857
2183		0.997857
2184		0.997857
2185		0.997857
2186		0.997857
2187		0.997857
2188		0.997857
2189		0.997857
2190		0.997857
2191		0.997857
2192		0.997857
2193		0.997857
2194		0.997857
2195		0.997857
2196		0.997857
2197		0.997857
2198		0.997857
2199		0.997857
2200		0.997857
2201		0.997857
2202		0.997857
2203		0.997857
2204		0.997857
2205		0.997857
2206		0.997857
2207		0.997857
2208		0.997857
2209		0.997857
2210		0.997857
2211		0.997857
2212		0.997857
2213		0.997857
2214		0.997857
2215		0.997857
2216		0.997857
2217		0.997857
2218		0.997857
2219		0.997857
2220		0.997857
2221		0.997857
2222		0.997857
2223		0.997857
2224		0.997857
2225		0.997857
2226		0.997857
2227		0.997857
2228		0.997857
2229		0.997857
2230		0.997857
2231		0.997857
2232		0.997857
2233		0.997857
2234		0.997857
2235		0.997857
2236		0.997857
2237		0.997857
2238		0.997857
2239		0.997857
2240		0.997857
2241		0.997857
2242		0.997857
2243		0.997857
2244		0.997857
2245		0.997857
2246		0.997857
2247		0.997857
2248		0.997857
2249		0.997857
2250		0.997857
2251		0.997857
2252		0.997857
2253		0.997857
2254		0.997857
2255		0.997857
2256		0.997857
2257		0.997857
2258		0.997857
2259		0.997857
2260		0.997857
2261		0.997857
2262		0.997857
2263		0.997857
2264		0.997857
2265		0.997857
2266		0.997857
2267		0.997857
2268		0.997857
2269		0.997857
2270		0.997857
2271		0.997857
2272		0.997857
2273		0.997857
2274		0.997857
2275		0.997857
2276		0.997857
2277		0.997857
2278		0.997857
2279		0.997857
2280		0.997857
2281		0.997857
2282		0.997857
2283		0.997857
2284		0.997857
2285		0.997857
2286		0.997857
2287		0.997857
2288		0.997857
2289		0.997857
2290		0.997857
2291		0.997857
2292		0.997857
2293		0.997857
2294		0.997857
2295		0.997857
2296		0.997857
2297		0.997857
2298		0.997857
2299		0.997857
2300		0.997857
2301		0.997857
2302		0.997857
2303		0.997857
2304		0.997857
2305		0.997857
2306		0.997857
2307		0.997857
2308		0.997857
2309		0.997857
2310		0.997857
2311		0.997857
2312		0.997857
2313		0.997857
2314		0.997857
2315		0.997857
2316		0.997857
2317		0.997857
2318		0.997857
2319		0.997857
2320		0.997857
2321		0.997857
2322		0.997857
2323		0.997857
2324		0.997857
2325		0.997857
2326		0.997857
2327		0.997857
2328		0.997857
2329		0.997857
2330		0.997857
2331		0.997857
2332		0.997857
2333		0.997857
2334		0.997857
2335		0.997857
2336		0.997857
2337		0.997857
2338		0.997857
2339		0.997857
2340		0.997857
2341		0.997857
2342		0.997857
2343		0.997857
2344		0.997857
2345		0.997857
2346		0.997857
2347		0.997857
2348		0.997857
2349		0.997857
2350		0.997857
2351		0.997857
2352		0.997857
2353		0.997857
2354		0.997857
2355		0.997857
2356		0.997857
2357		0.997857
2358		0.997857
2359		0.997857
2360		0.997857
2361		0.997857
2362		0.997857
2363		0.997857
2364		0.997857
2365		0.997857
2366		0.997857
2367		0.997857
2368		0.997857
2369		0.997857
2370		0.997857
2371		0.997857
2372		0.997857
2373		0.997857
2374		0.997857
2375		0.997857
2376		0.997857
2377		0.997857
2378		0.997857
2379		0.997857
2380		0.997857
2381		0.997857
2382		0.997857
2383		0.997857
2384		0.997857
2385		0.997857
2386		0.997857
2387		0.997857
2388		0.997857
2389		0.997857
2390		0.997857
2391		0.997857
2392		0.997857
2393		0.997857
2394		0.997857
2395		0.997857
2396		0.997857
2397		0.997857
2398		0.997857
2399		0.997857
2400		0.997857
2401		0.997857
2402		0.997857
2403		0.997857
2404		0.997857
2405		0.997857
2406		0.997857
2407		0.997857
2408		0.997857
2409		0.997857
2410		0.997857
2411		0.997857
2412		0.997857
2413		0.997857
2414		0.997857
2415		0.997857
2416		0.997857
2417		0.997857
2418		0.997857
2419		0.997857
2420		0.997857
2421		0.997857
2422		0.997857
2423		0.997857
2424		0.997857
2425		0.997857
2426		0.997857
2427		0.997857
2428		0.997857
2429		0.997857
2430		0.997857
2431		0.997857
2432		0.997857
2433		0.997857
2434		0.997857
2435		0.997857
2436		0.997857
2437		0.997857
2438		0.997857
2439		0.997857
2440		0.997857
2441		0.997857
2442		0.997857
2443		0.997857
2444		0.997857
2445		0.997857
2446		0.997857
2447		0.997857
2448		0.997857
2449		0.997857
2450		0.997857
2451		0.997857
2452		0.997857
2453		0.997857
2454		0.997857
2455		0.997857
2456		0.997857
2457		0.997857
2458		0.997857
2459		0.997857
2460		0.997857
2461		0.997857
2462		0.997857
2463		0.997857
2464		0.997857
2465		0.997857
2466		0.997857
2467		0.997857
2468		0.997857
2469		0.997857
2470		0.997857
2471		0.997857
2472		0.997857
2473		0.997857
2474		0.997857
2475		0.997857
2476		0.997857
2477		0.997857
2478		0.997857
2479		0.997857
2480		0.997857
2481		0.997857
2482		0.997857
2483		0.997857
2484		0.997857
2485		0.997857
2486		0.997857
2487		0.997857
2488		0.997857
2489		0.997857
2490		0.997857
2491		0.997857
2492		0.997857
2493		0.997857
2494		0.997857
2495		0.997857
2496		0.997857
2497		0.997857
2498		0.997857
2499		0.997857
2500		0.997857
2501		0.997857
2502		0.997857
2503		0.997857
2504		0.997857
2505		0.997857
2506		0.997857
2507		0.997857
2508		0.997857
2509		0.997857
2510		0.997857
2511		0.997857
2512		0.997857
2513		0.997857
2514		0.997857
2515		0.997857
2516		0.997857
2517		0.997857
2518		0.997857
2519		0.997857
2520		0.997857
2521		0.997857
2522		0.997857
2523		0.997857
2524		0.997857
2525		0.997857
2526		0.997857
2527		0.997857
2528		0.997857
2529		0.997857
2530		0.997857
2531		0.997857
2532		0.997857
2533		0.997857
2534		0.997857
2535		0.997857
2536		0.997857
2537		0.997857
2538		0.997857
2539		0.997857
2540		0.997857
2541		0.997857
2542		0.997857
2543		0.997857
2544		0.997857
2545		0.997857
2546		0.997857
2547		0.997857
2548		0.997857
2549		0.997857
2550		0.997857
2551		0.997857
2552		0.997857
2553		0.997857
2554		0.997857
2555		0.997857
2556		0.997857
2557		0.997857
2558		0.997857
2559		0.997857
2560		0.997857
2561		0.997857
2562		0.997857
2563		0.997857
2564		0.997857
2565		0.997857
2566		0.997857
2567		0.997857
2568		0.997857
2569		0.997857
2570		0.997857
2571		0.997857
2572		0.997857
2573		0.997857
2574		0.997857
2575		0.997857
2576		0.997857
2577		0.997857
2578		0.997857
2579		0.997857
2580		0.997857
2581		0.997857
2582		0.997857
2583		0.997857
2584		0.997857
2585		0.997857
2586		0.997857
2587		0.997857
2588		0.997857
2589		0.997857
2590		0.997857
2591		0.997857
2592		0.997857
2593		0.997857
2594		0.997857
2595		0.997857
2596		0.997857
2597		0.997857
2598		0.997857
2599		0.997857
2600		0.997857
2601		0.997857
2602		0.997857
2603		0.997857
2604		0.997857
2605		0.997857
2606		0.997857
2607		0.997857
2608		0.997857
2609		0.997857
2610		0.997857
2611		0.997857
2612		0.997857
2613		0.997857
2614		0.997857
2615		0.997857
2616		0.997857
2617		0.997857
2618		0.997857
2619		0.997857
2620		0.997857
2621		0.997857
2622		0.997857
2623		0.997857
2624		0.997857
2625		0.997857
2626		0.997857
2627		0.997857
2628		0.997857
2629		0.997857
2630		0.997857
2631		0.997857
2632		0.997857
2633		0.997857
2634		0.997857
2635		0.997857
2636		0.997857
2637		0.997857
2638		0.997857
2639		0.997857
2640		0.997857
2641		0.997857
2642		0.997857
2643		0.997857
2644		0.997857
2645		0.997857
2646		0.997857
2647		0.997857
2648		0.997857
2649		0.997857
2650		0.997857
2651		0.997857
2652		0.997857
2653		0.997857
2654		0.997857
2655		0.997857
2656		0.997857
2657		0.997857
2658		0.997857
2659		0.997857
2660		0.997857
2661		0.997857
2662		0.997857
2663		0.997857
2664		0.997857
2665		0.997857
2666		0.997857
2667		0.997857
2668		0.997857
2669		0.997857
2670		0.997857
2671		0.997857
2672		0.997857
2673		0.997857
2674		0.997857
2675		0.997857
2676		0.997857
2677		0.997857
2678		0.997857
2679		0.997857
2680		0.997857
2681		0.997857
2682		0.997857
2683		0.997857
2684		0.997857
2685		0.997857
2686		0.997857
2687		0.997857
2688		0.997857
2689		0.997857
2690		0.997857
2691		0.997857
2692		0.997857
2693		0.997857
2694		0.997857
2695		0.997857
2696		0.997857
2697		0.997857
2698		0.997857
2699		0.997857
2700		0.997857
2701		0.997857
2702		0.997857
2703		0.997857
2704		0.997857
2705		0.997857
2706		0.997857
2707		0.997857
2708		0.997857
2709		0.997857
2710		0.997857
2711		0.997857
2712		0.997857
2713		0.997857
2714		0.997857
2715		0.997857
2716		0.997857
2717		0.997857
2718		0.997857
2719		0.997857
2720		0.997857
2721		0.997857
2722		0.997857
2723		0.997857
2724		0.997857
2725		0.997857
2726		0.997857
2727		0.997857
2728		0.997857
2729		0.997857
2730		0.997857
2731		0.997857
2732		0.997857
2733		0.997857
2734		0.997857
2735		0.997857
2736		0.997857
2737		0.997857
2738		0.997857
2739		0.997857
2740		0.997857
2741		0.997857
2742		0.997857
2743		0.997857
2744		0.997857
2745		0.997857
2746		0.997857
2747		0.997857
2748		0.997857
2749		0.997857
2750		0.997857
2751		0.997857
2752		0.997857
2753		0.997857
2754		0.997857
2755		0.997857
2756		0.997857
2757		0.997857
2758		0.997857
2759		0.997857
2760		0.997857
2761		0.997857
2762		0.997857
2763		0.997857
2764		0.997857
2765		0.997857
2766		0.997857
2767		0.997857
2768		0.997857
2769		0.997857
2770		0.997857
2771		0.997857
2772		0.997857
2773		0.997857
2774		0.997857
2775		0.997857
2776		0.997857
2777		0.997857
2778		0.997857
2779		0.997857
2780		0.997857
2781		0.997857
2782		0.997857
2783		0.997857
2784		0.997857
2785		0.997857
2786		0.997857
2787		0.997857
2788		0.997857
2789		0.997857
2790		0.997857
2791		0.997857
2792		0.997857
2793		0.997857
2794		0.997857
2795		0.997857
2796		0.997857
2797		0.997857
2798		0.997857
2799		0.997857
2800		0.997857
2801		0.997857
2802		0.997857
2803		0.997857
2804		0.997857
2805		0.997857
2806		0.997857
2807		0.997857
2808		0.997857
2809		0.997857
2810		0.997857
2811		0.997857
2812		0.997857
2813		0.997857
2814		0.997857
2815		0.997857
2816		0.997857
2817		0.997857
2818		0.997857
2819		0.997857
2820		0.997857
2821		0.997857
2822		0.997857
2823		0.997857
2824		0.997857
2825		0.997857
2826		0.997857
2827		0.997857
2828		0.997857
2829		0.997857
2830		0.997857
2831		0.997857
2832		0.997857
2833		0.997857
2834		0.997857
2835		0.997857
2836		0.997857
2837		0.997857
2838		0.997857
2839		0.997857
2840		0.997857
2841		0.997857
2842		0.997857
2843		0.997857
2844		0.997857
2845		0.997857
2846		0.997857
2847		0.997857
2848		0.997857
2849		0.997857
2850		0.997857
2851		0.997857
2852		0.997857
2853		0.997857
2854		0.997857
2855		0.997857
2856		0.997857
2857		0.997857
2858		0.997857
2859		0.997857
2860		0.997857
2861		0.997857
2862		0.997857
2863		0.997857
2864		0.997857
2865		0.997857
2866		0.997857
2867		0.997857
2868		0.997857
2869		0.997857
2870		0.997857
2871		0.997857
2872		0.997857
2873		0.997857
2874		0.997857
2875		0.997857
2876		0.997857
2877		0.997857
2878		0.997857
2879		0.997857
2880		0.997857
2881		0.997857
2882		0.997857
2883		0.997857
2884		0.997857
2885		0.997857
2886		0.997857
2887		0.997857
2888		0.997857
2889		0.997857
2890		0.997857
2891		0.997857
2892		0.997857
2893		0.997857
2894		0.997857
2895		0.997857
2896		0.997857
2897		0.997857
2898		0.997857
2899		0.997857
2900		0.997857
2901		0.997857
2902		0.997857
2903		0.997857
2904		0.997857
2905		0.997857
2906		0.997857
2907		0.997857
2908		0.997857
2909		0.997857
2910		0.997857
2911		0.997857
2912		0.997857
2913		0.997857
2914		0.997857
2915		0.997857
2916		0.997857
2917		0.997857
2918		0.997857
2919		0.997857
2920		0.997857
2921		0.997857
2922		0.997857
2923		0.997857
2924		0.997857
2925		0.997857
2926		0.997857
2927		0.997857
2928		0.997857
2929		0.997857
2930		0.997857
2931		0.997857
2932		0.997857
2933		0.997857
2934		0.997857
2935		0.997857
2936		0.997857
2937		0.997857
2938		0.997857
2939		0.997857
2940		0.997857
2941		0.997857
2942		0.997857
2943		0.997857
2944		0.997857
2945		0.997857
2946		0.997857
2947		0.997857
2948		0.997857
2949		0.997857
2950		0.997857
2951		0.997857
2952		0.997857
2953		0.997857
2954		0.997857
2955		0.997857
2956		0.997857
2957		0.997857
2958		0.997857
2959		0.997857
2960		0.997857
2961		0.997857
2962		0.997857
2963		0.997857
2964		0.997857
2965		0.997857
2966		0.997857
2967		0.997857
2968		0.997857
2969		0.997857
2970		0.997857
2971		0.997857
2972		0.997857
2973		0.997857
2974		0.997857
2975		0.997857
2976		0.997857
2977		0.997857
2978		0.997857
2979		0.997857
2980		0.997857
2981		0.997857
2982		0.997857
2983		0.997857
2984		0.997857
2985		0.997857
2986		0.997857
2987		0.997857
2988		0.997857
2989		0.997857
2990		0.997857
2991		0.997857
2992		0.997857
2993		0.997857
2994		0.997857
2995		0.997857
2996		0.997857
2997		0.997857
2998		0.997857
2999		0.997857
3000		0.997857
3001		0.997857
3002		0.997857
3003		0.997857
3004		0.997857
3005		0.997857
3006		0.997857
3007		0.997857
3008		0.997857
3009		0.997857
3010		0.997857
3011		0.997857
3012		0.997857
3013		0.997857
3014		0.997857
3015		0.997857
3016		0.997857
3017		0.997857
3018		0.997857
3019		0.997857
3020		0.997857
3021		0.997857
3022		0.997857
3023		0.997857
3024		0.997857
3025		0.997857
3026		0.997857
3027		0.997857
3028		0.997857
3029		0.997857
3030		0.997857
3031		0.997857
3032		0.997857
3033		0.997857
3034		0.997857
3035		0.997857
3036		0.997857
3037		0.997857
3038		0.997857
3039		0.997857
3040		0.997857
3041		0.997857
3042		0.997857
3043		0.997857
3044		0.997857
3045		0.997857
3046		0.997857
3047		0.997857
3048		0.997857
3049		0.997857
3050		0.997857
3051		0.997857
3052		0.997857
3053		0.997857
3054		0.997857
3055		0.997857
3056		0.997857
3057		0.997857
3058		0.997857
3059		0.997857
3060		0.997857
3061		0.997857
3062		0.997857
3063		0.997857
3064		0.997857
3065		0.997857
3066		0.997857
3067		0.997857
3068		0.997857
3069		0.997857
3070		0.997857
3071		0.997857
3072		0.997857
3073		0.997857
3074		0.997857
3075		0.997857
3076		0.997857
3077		0.997857
3078		0.997857
3079		0.997857
3080		0.997857
3081		0.997857
3082		0.997857
3083		0.997857
3084		0.997857
3085		0.997857
3086		0.997857
3087		0.997857
3088		0.997857
3089		0.997857
3090		0.997857
3091		0.997857
3092		0.997857
3093		0.997857
3094		0.997857
3095		0.997857
3096		0.997857
3097		0.997857
3098		0.997857
3099		0.997857
3100		0.997857
3101		0.997857
3102		0.997857
3103		0.997857
3104		0.997857
3105		0.997857
3106		0.997857
3107		0.997857
3108		0.997857
3109		0.997857
3110		0.997857
3111		0.997857
3112		0.997857
3113		0.997857
3114		0.997857
3115		0.997857
3116		0.997857
3117		0.997857
3118		0.997857
3119		0.997857
3120		0.997857
3121		0.997857
3122		0.997857
3123		0.997857
3124		0.997857
3125		0.997857
3126		0.997857
3127		0.997857
3128		0.997857
3129		0.997857
3130		0.997857
3131		0.997857
3132		0.997857
3133		0.997857
3134		0.997857
3135		0.997857
3136		0.997857
3137		0.997857
3138		0.997857
3139		0.997857
3140		0.997857
3141		0.997857
3142		0.997857
3143		0.997857
3144		0.997857
3145		0.997857
3146		0.997857
3147		0.997857
3148		0.997857
3149		0.997857
3150		0.997857
3151		0.997857
3152		0.997857
3153		0.997857
3154		0.997857
3155		0.997857
3156		0.997857
3157		0.997857
3158		0.997857
3159		0.997857
3160		0.997857
3161		0.997857
3162		0.997857
3163		0.997857
3164		0.997857
3165		0.997857
3166		0.997857
3167		0.997857
3168		0.997857
3169		0.997857
3170		0.997857
3171		0.997857
3172		0.997857
3173		0.997857
3174		0.997857
3175		0.997857
3176		0.997857
3177		0.997857
3178		0.997857
3179		0.997857
3180		0.997857
3181		0.997857
3182		0.997857
3183		0.997857
3184		0.997857
3185		0.997857
3186		0.997857
3187		0.997857
3188		0.997857
3189		0.997857
3190		0.997857
3191		0.997857
3192		0.997857
3193		0.997857
3194		0.997857
3195		0.997857
3196		0.997857
3197		0.997857
3198		0.997857
3199		0.997857
3200		0.997857
3201		0.997857
3202		0.997857
3203		0.997857
3204		0.997857
3205		0.997857
3206		0.997857
3207		0.997857
3208		0.997857
3209		0.997857
3210		0.997857
3211		0.997857
3212		0.997857
3213		0.997857
3214		0.997857
3215		0.997857
3216		0.997857
3217		0.997857
3218		0.997857
3219		0.997857
3220		0.997857
3221		0.997857
3222		0.997857
3223		0.997857
3224		0.997857
3225		0.997857
3226		0.997857
3227		0.997857
3228		0.997857
3229		0.997857
3230		0.997857
3231		0.997857
3232		0.997857
3233		0.997857
3234		0.997857
3235		0.997857
3236		0.997857
3237		0.997857
3238		0.997857
3239		0.997857
3240		0.997857
3241		0.997857
3242		0.997857
3243		0.997857
3244		0.997857
3245		0.997857
3246		0.997857
3247		0.997857
3248		0.997857
3249		0.997857
3250		0.997857
3251		0.997857
3252		0.997857
3253		0.997857
3254		0.997857
3255		0.997857
3256		0.997857
3257		0.997857
3258		0.997857
3259		0.997857
3260		0.997857
3261		0.997857
3262		0.997857
3263		0.997857
3264		0.997857
3265		0.997857
3266		0.997857
3267		0.997857
3268		0.997857
3269		0.997857
3270		0.997857
3271		0.997857
3272		0.997857
3273		0.997857
3274		0.997857
3275		0.997857
3276		0.997857
3277		0.997857
3278		0.997857
3279		0.997857
3280		0.997857
3281		0.997857
3282		0.997857
3283		0.997857
3284		0.997857
3285		0.997857
3286		0.997857
3287		0.997857
3288		0.997857
3289		0.997857
3290		0.997857
3291		0.997857
3292		0.997857
3293		0.997857
3294		0.997857
3295		0.997857
3296		0.997857
3297		0.997857
3298		0.997857
3299		0.997857
3300		0.997857
3301		0.997857
3302		0.997857
3303		0.997857
3304		0.997857
3305		0.997857
3306		0.997857
3307		0.997857
3308		0.997857
3309		0.997857
3310		0.997857
3311		0.997857
3312		0.997857
3313		0.997857
3314		0.997857
3315		0.997857
3316		0.997857
3317		0.997857
3318		0.997857
3319		0.997857
3320		0.997857
3321		0.997857
3322		0.997857
3323		0.997857
3324		0.997857
3325		0.997857
3326		0.997857
3327		0.997857
3328		0.997857
3329		0.997857
3330		0.997857
3331		0.997857
3332		0.997857
3333		0.997857
3334		0.997857
3335		0.997857
3336		0.997857
3337		0.997857
3338		0.997857
3339		0.997857
3340		0.997857
3341		0.997857
3342		0.997857
3343		0.997857
3344		0.997857
3345		0.997857
3346		0.997857
3347		0.997857
3348		0.997857
3349		0.997857
3350		0.997857
3351		0.997857
3352		0.997857
3353		0.997857
3354		0.997857
3355		0.997857
3356		0.997857
3357		0.997857
3358		0.997857
3359		0.997857
3360		0.997857
3361		0.997857
3362		0.997857
3363		0.997857
3364		0.997857
3365		0.997857
3366		0.997857
3367		0.997857
3368		0.997857
3369		0.997857
3370		0.997857
3371		0.997857
3372		0.997857
3373		0.997857
3374		0.997857
3375		0.997857
3376		0.997857
3377		0.997857
3378		0.997857
3379		0.997857
3380		0.997857
3381		0.997857
3382		0.997857
3383		0.997857
3384		0.997857
3385		0.997857
3386		0.997857
3387		0.997857
3388		0.997857
3389		0.997857
3390		0.997857
3391		0.997857
3392		0.997857
3393		0.997857
3394		0.997857
3395		0.997857
3396		0.997857
3397		0.997857
3398		0.997857
3399		0.997857
3400		0.997857
3401		0.997857
3402		0.997857
3403		0.997857
3404		0.997857
3405		0.997857
3406		0.997857
3407		0.997857
3408		0.997857
3409		0.997857
3410		0.997857
3411		0.997857
3412		0.997857
3413		0.997857
3414		0.997857
3415		0.997857
3416		0.997857
3417		0.997857
3418		0.997857
3419		0.997857
3420		0.997857
3421		0.997857
3422		0.997857
3423		0.997857
3424		0.997857
3425		0.997857
3426		0.997857
3427		0.997857
3428		0.997857
3429		0.997857
3430		0.997857
3431		0.997857
3432		0.997857
3433		0.997857
3434		0.997857
3435		0.997857
3436		0.997857
3437		0.997857
3438		0.997857
3439		0.997857
3440		0.997857
3441		0.997857
3442		0.997857
3443		0.997857
3444		0.997857
3445		0.997857
3446		0.997857
3447		0.997857
3448		0.997857
3449		0.997857
3450		0.997857
3451		0.997857
3452		0.997857
3453		0.997857
3454		0.997857
3455		0.997857
3456		0.997857
3457		0.997857
3458		0.997857
3459		0.997857
3460		0.997857
3461		0.997857
3462		0.997857
3463		0.997857
3464		0.997857
3465		0.997857
3466		0.997857
3467		0.997857
3468		0.997857
3469		0.997857
3470		0.997857
3471		0.997857
3472		0.997857
3473		0.997857
3474		0.997857
3475		0.997857
3476		0.997857
3477		0.997857
3478		0.997857
3479		0.997857
3480		0.997857
3481		0.997857
3482		0.997857
3483		0.997857
3484		0.997857
3485		0.997857
3486		0.997857
3487		0.997857
3488		0.997857
3489		0.997857
3490		0.997857
3491		0.997857
3492		0.997857
3493		0.997857
3494		0.997857
3495		0.997857
3496		0.997857
3497		0.997857
3498		0.997857
3499		0.997857
3500		0.997857
3501		0.997857
3502		0.997857
3503		0.997857
3504		0.997857
3505		0.997857
3506		0.997857
3507		0.997857
3508		0.997857
3509		0.997857
3510		0.997857
3511		0.997857
3512		0.997857
3513		0.997857
3514		0.997857
3515		0.997857
3516		0.997857
3517		0.997857
3518		0.997857
3519		0.997857
3520		0.997857
3521		0.997857
3522		0.997857
3523		0.997857
3524		0.997857
3525		0.997857
3526		0.997857
3527		0.997857
3528		0.997857
3529		0.997857
3530		0.997857
3531		0.997857
3532		0.997857
3533		0.997857
3534		0.997857
3535		0.997857
3536		0.997857
3537		0.997857
3538		0.997857
3539		0.997857
3540		0.997857
3541		0.997857
3542		0.997857
3543		0.997857
3544		0.997857
3545		0.997857
3546		0.997857
3547		0.997857
3548		0.997857
3549		0.997857
3550		0.997857
3551		0.997857
3552		0.997857
3553		0.997857
3554		0.997857
3555		0.997857
3556		0.997857
3557		0.997857
3558		0.997857
3559		0.997857
3560		0.997857
3561		0.997857
3562		0.997857
3563		0.997857
3564		0.997857
3565		0.997857
3566		0.997857
3567		0.997857
3568		0.997857
3569		0.997857
3570		0.997857
3571		0.997857
3572		0.997857
3573		0.997857
3574		0.997857
3575		0.997857
3576		0.997857
3577		0.997857
3578		0.997857
3579		0.997857
3580		0.997857
3581		0.997857
3582		0.997857
3583		0.997857
3584		0.997857
3585		0.997857
3586		0.997857
3587		0.997857
3588		0.997857
3589		0.997857
3590		0.997857
3591		0.997857
3592		0.997857
3593		0.997857
3594		0.997857
3595		0.997857
3596		0.997857
3597		0.997857
3598		0.997857
3599		0.997857
3600		0.997857
3601		0.997857
3602		0.997857
3603		0.997857
3604		0.997857
3605		0.997857
3606		0.997857
3607		0.997857
3608		0.997857
3609		0.997857
3610		0.997857
3611		0.997857
3612		0.997857
3613		0.997857
3614		0.997857
3615		0.997857
3616		0.997857
3617		0.997857
3618		0.997857
3619		0.997857
3620		0.997857
3621		0.997857
3622		0.997857
3623		0.997857
3624		0.997857
3625		0.997857
3626		0.997857
3627		0.997857
3628		0.997857
3629		0.997857
3630		0.997857
3631		0.997857
3632		0.997857
3633		0.997857
3634		0.997857
3635		0.997857
3636		0.997857
3637		0.997857
3638		0.997857
3639		0.997857
3640		0.997857
3641		0.997857
3642		0.997857
3643		0.997857
3644		0.997857
3645		0.997857
3646		0.997857
3647		0.997857
3648		0.997857
3649		0.997857
3650		0.997857
3651		0.997857
3652		0.997857
3653		0.997857
3654		0.997857
3655		0.997857
3656		0.997857
3657		0.997857
3658		0.997857
3659		0.997857
3660		0.997857
3661		0.997857
3662		0.997857
3663		0.997857
3664		0.997857
3665		0.997857
3666		0.997857
3667		0.997857
3668		0.997857
3669		0.997857
3670		0.997857
3671		0.997857
3672		0.997857
3673		0.997857
3674		0.997857
3675		0.997857
3676		0.997857
3677		0.997857
3678		0.997857
3679		0.997857
3680		0.997857
3681		0.997857
3682		0.997857
3683		0.997857
3684		0.997857
3685		0.997857
3686		0.997857
3687		0.997857
3688		0.997857
3689		0.997857
3690		0.997857
3691		0.997857
3692		0.997857
3693		0.997857
3694		0.997857
3695		0.997857
3696		0.997857
3697		0.997857
3698		0.997857
3699		0.997857
3700		0.997857
3701		0.997857
3702		0.997857
3703		0.997857
3704		0.997857
3705		0.997857
3706		0.997857
3707		0.997857
3708		0.997857
3709		0.997857
3710		0.997857
3711		0.997857
3712		0.997857
3713		0.997857
3714		0.997857
3715		0.997857
3716		0.997857
3717		0.997857
3718		0.997857
3719		0.997857
3720		0.997857
3721		0.997857
3722		0.997857
3723		0.997857
3724		0.997857
3725		0.997857
3726		0.997857
3727		0.997857
3728		0.997857
3729		0.997857
3730		0.997857
3731		0.997857
3732		0.997857
3733		0.997857
3734		0.997857
3735		0.997857
3736		0.997857
3737		0.997857
3738		0.997857
3739		0.997857
3740		0.997857
3741		0.997857
3742		0.997857
3743		0.997857
3744		0.997857
3745		0.997857
3746		0.997857
3747		0.997857
3748		0.997857
3749		0.997857
3750		0.997857
3751		0.997857
3752		0.997857
3753		0.997857
3754		0.997857
3755		0.997857
3756		0.997857
3757		0.997857
3758		0.997857
3759		0.997857
3760		0.997857
3761		0.997857
3762		0.997857
3763		0.997857
3764		0.997857
3765		0.997857
3766		0.997857
3767		0.997857
3768		0.997857
3769		0.997857
3770		0.997857
3771		0.997857
3772		0.997857
3773		0.997857
3774		0.997857
3775		0.997857
3776		0.997857
3777		0.997857
3778		0.997857
3779		0.997857
3780		0.997857
3781		0.997857
3782		0.997857
3783		0.997857
3784		0.997857
3785		0.997857
3786		0.997857
3787		0.997857
3788		0.997857
3789		0.997857
3790		0.997857
3791		0.997857
3792		0.997857
3793		0.997857
3794		0.997857
3795		0.997857
3796		0.997857
3797		0.997857
3798		0.997857
3799		0.997857
3800		0.997857
3801		0.997857
3802		0.997857
3803		0.997857
3804		0.997857
3805		0.997857
3806		0.997857
3807		0.997857
3808		0.997857
3809		0.997857
3810		0.997857
3811		0.997857
3812		0.997857
3813		0.997857
3814		0.997857
3815		0.997857
3816		0.997857
3817		0.997857
3818		0.997857
3819		0.997857
3820		0.997857
3821		0.997857
3822		0.997857
3823		0.997857
3824		0.997857
3825		0.997857
3826		0.997857
3827		0.997857
3828		0.997857
3829		0.997857
3830		0.997857
3831		0.997857
3832		0.997857
3833		0.997857
3834		0.997857
3835		0.997857
3836		0.997857
3837		0.997857
3838		0.997857
3839		0.997857
3840		0.997857
3841		0.997857
3842		0.997857
3843		0.997857
3844		0.997857
3845		0.997857
3846		0.997857
3847		0.997857
3848		0.997857
3849		0.997857
3850		0.997857
3851		0.997857
3852		0.997857
3853		0.997857
3854		0.997857
3855		0.997857
3856		0.997857
3857		0.997857
3858		0.997857
3859		0.997857
3860		0.997857
3861		0.997857
3862		0.997857
3863		0.997857
3864		0.997857
3865		0.997857
3866		0.997857
3867		0.997857
3868		0.997857
3869		0.997857
3870		0.997857
3871		0.997857
3872		0.997857
3873		0.997857
3874		0.997857
3875		0.997857
3876		0.997857
3877		0.997857
3878		0.997857
3879		0.997857
3880		0.997857
3881		0.997857
3882		0.997857
3883		0.997857
3884		0.997857
3885		0.997857
3886		0.997857
3887		0.997857
3888		0.997857
3889		0.997857
3890		0.997857
3891		0.997857
3892		0.997857
3893		0.997857
3894		0.997857
3895		0.997857
3896		0.997857
3897		0.997857
3898		0.997857
3899		0.997857
3900		0.997857
3901		0.997857
3902		0.997857
3903		0.997857
3904		0.997857
3905		0.997857
3906		0.997857
3907		0.997857
3908		0.997857
3909		0.997857
3910		0.997857
3911		0.997857
3912		0.997857
3913		0.997857
3914		0.997857
3915		0.997857
3916		0.997857
3917		0.997857
3918		0.997857
3919		0.997857
3920		0.997857
3921		0.997857
3922		0.997857
3923		0.997857
3924		0.997857
3925		0.997857
3926		0.997857
3927		0.997857
3928		0.997857
3929		0.997857
3930		0.997857
3931		0.997857
3932		0.997857
3933		0.997857
3934		0.997857
3935		0.997857
3936		0.997857
3937		0.997857
3938		0.997857
3939		0.997857
3940		0.997857
3941		0.997857
3942		0.997857
3943		0.997857
3944		0.997857
3945		0.997857
3946		0.997857
3947		0.997857
3948		0.997857
3949		0.997857
3950		0.997857
3951		0.997857
3952		0.997857
3953		0.997857
3954		0.997857
3955		0.997857
3956		0.997857
3957		0.997857
3958		0.997857
3959		0.997857
3960		0.997857
3961		0.997857
3962		0.997857
3963		0.997857
3964		0.997857
3965		0.997857
3966		0.997857
3967		0.997857
3968		0.997857
3969		0.997857
3970		0.997857
3971		0.997857
3972		0.997857
3973		0.997857
3974		0.997857
3975		0.997857
3976		0.997857
3977		0.997857
3978		0.997857
3979		0.997857
3980		0.997857
3981		0.997857
3982		0.997857
3983		0.997857
3984		0.997857
3985		0.997857
3986		0.997857
3987		0.997857
3988		0.997857
3989		0.997857
3990		0.997857
3991		0.997857
3992		0.997857
3993		0.997857
3994		0.997857
3995		0.997857
3996		0.997857
3997		0.997857
3998		0.997857
3999		0.997857
4000		0.997857
4001		0.997857
4002		0.997857
4003		0.997857
4004		0.997857
4005		0.997857
4006		0.997857
4007		0.997857
4008		0.997857
4009		0.997857
4010		0.997857
4011		0.997857
4012		0.997857
4013		0.997857
4014		0.997857
4015		0.997857
4016		0.997857
4017		0.997857
4018		0.997857
4019		0.997857
4020		0.997857
4021		0.997857
4022		0.997857
4023		0.997857
4024		0.997857
4025		0.997857
4026		0.997857
4027		0.997857
4028		0.997857
4029		0.997857
4030		0.997857
4031		0.997857
4032		0.997857
4033		0.997857
4034		0.997857
4035		0.997857
4036		0.997857
4037		0.997857
4038		0.997857
4039		0.997857
4040		0.997857
4041		0.997857
4042		0.997857
4043		0.997857
4044		0.997857
4045		0.997857
4046		0.997857
4047		0.997857
4048		0.997857
4049		0.997857
4050		0.997857
4051		0.997857
4052		0.997857
4053		0.997857
4054		0.997857
4055		0.997857
4056		0.997857
4057		0.997857
4058		0.997857
4059		0.997857
4060		0.997857
4061		0.997857
4062		0.997857
4063		0.997857
4064		0.997857
4065		0.997857
4066		0.997857
4067		0.997857
4068		0.997857
4069		0.997857
4070		0.997857
4071		0.997857
4072		0.997857
4073		0.997857
4074		0.997857
4075		0.997857
4076		0.997857
4077		0.997857
4078		0.997857
4079		0.997857
4080		0.997857
4081		0.997857
4082		0.997857
4083		0.997857
4084		0.997857
4085		0.997857
4086		0.997857
4087		0.997857
4088		0.997857
4089		0.997857
4090		0.997857
4091		0.997857
4092		0.997857
4093		0.997857
4094		0.997857
4095		0.997857
4096		0.997857
4097		0.997857
4098		0.997857
4099		0.997857
4100		0.997857
4101		0.997857
4102		0.997857
4103		0.997857
4104		0.997857
4105		0.997857
4106		0.997857
4107		0.997857
4108		0.997857
4109		0.997857
4110		0.997857
4111		0.997857
4112		0.997857
4113		0.997857
4114		0.997857
4115		0.997857
4116		0.997857
4117		0.997857
4118		0.997857
4119		0.997857
4120		0.997857
4121		0.997857
4122		0.997857
4123		0.997857
4124		0.997857
4125		0.997857
4126		0.997857
4127		0.997857
4128		0.997857
4129		0.997857
4130		0.997857
4131		0.997857
4132		0.997857
4133		0.997857
4134		0.997857
4135		0.997857
4136		0.997857
4137		0.997857
4138		0.997857
4139		0.997857
4140		0.997857
4141		0.997857
4142		0.997857
4143		0.997857
4144		0.997857
4145		0.997857
4146		0.997857
4147		0.997857
4148		0.997857
4149		0.997857
4150		0.997857
4151		0.997857
4152		0.997857
4153		0.997857
4154		0.997857
4155		0.997857
4156		0.997857
4157		0.997857
4158		0.997857
4159		0.997857
4160		0.997857
4161		0.997857
4162		0.997857
4163		0.997857
4164		0.997857
4165		0.997857
4166		0.997857
4167		0.997857
4168		0.997857
4169		0.997857
4170		0.997857
4171		0.997857
4172		0.997857
4173		0.997857
4174		0.997857
4175		0.997857
4176		0.997857
4177		0.997857
4178		0.997857
4179		0.997857
4180		0.997857
4181		0.997857
4182		0.997857
4183		0.997857
4184		0.997857
4185		0.997857
4186		0.997857
4187		0.997857
4188		0.997857
4189		0.997857
4190		0.997857
4191		0.997857
4192		0.997857
4193		0.997857
4194		0.997857
4195		0.997857
4196		0.997857
4197		0.997857
4198		0.997857
4199		0.997857
4200		0.997857
4201		0.997857
4202		0.997857
4203		0.997857
4204		0.997857
4205		0.997857
4206		0.997857
4207		0.997857
4208		0.997857
4209		0.997857
4210		0.997857
4211		0.997857
4212		0.997857
4213		0.997857
4214		0.997857
4215		0.997857
4216		0.997857
4217		0.997857
4218		0.997857
4219		0.997857
4220		0.997857
4221		0.997857
4222		0.997857
4223		0.997857
4224		0.997857
4225		0.997857
4226		0.997857
4227		0.997857
4228		0.997857
4229		0.997857
4230		0.997857
4231		0.997857
4232		0.997857
4233		0.997857
4234		0.997857
4235		0.997857
4236		0.997857
4237		0.997857
4238		0.997857
4239		0.997857
4240		0.997857
4241		0.997857
4242		0.997857
4243		0.997857
4244		0.997857
4245		0.997857
4246		0.997857
4247		0.997857
4248		0.997857
4249		0.997857
4250		0.997857
4251		0.997857
4252		0.997857
4253		0.997857
4254		0.997857
4255		0.997857
4256		0.997857
4257		0.997857
4258		0.997857
4259		0.997857
4260		0.997857
4261		0.997857
4262		0.997857
4263		0.997857
4264		0.997857
4265		0.997857
4266		0.997857
4267		0.997857
4268		0.997857
4269		0.997857
4270		0.997857
4271		0.997857
4272		0.997857
4273		0.997857
4274		0.997857
4275		0.997857
4276		0.997857
4277		0.997857
4278		0.997857
4279		0.997857
4280		0.997857
4281		0.997857
4282		0.997857
4283		0.997857
4284		0.997857
4285		0.997857
4286		0.997857
4287		0.997857
4288		0.997857
4289		0.997857
4290		0.997857
4291		0.997857
4292		0.997857
4293		0.997857
4294		0.997857
4295		0.997857
4296		0.997857
4297		0.997857
4298		0.997857
4299		0.997857
4300		0.997857
4301		0.997857
4302		0.997857
4303		0.997857
4304		0.997857
4305		0.997857
4306		0.997857
4307		0.997857
4308		0.997857
4309		0.997857
4310		0.997857
4311		0.997857
4312		0.997857
4313		0.997857
4314		0.997857
4315		0.997857
4316		0.997857
4317		0.997857
4318		0.997857
4319		0.997857
4320		0.997857
4321		0.997857
4322		0.997857
4323		0.997857
4324		0.997857
4325		0.997857
4326		0.997857
4327		0.997857
4328		0.997857
4329		0.997857
4330		0.997857
4331		0.997857
4332		0.997857
4333		0.997857
4334		0.997857
4335		0.997857
4336		0.997857
4337		0.997857
4338		0.997857
4339		0.997857
4340		0.997857
4341		0.997857
4342		0.997857
4343		0.997857
4344		0.997857
4345		0.997857
4346		0.997857
4347		0.997857
4348		0.997857
4349		0.997857
4350		0.997857
4351		0.997857
4352		0.997857
4353		0.997857
4354		0.997857
4355		0.997857
4356		0.997857
4357		0.997857
4358		0.997857
4359		0.997857
4360		0.997857
4361		0.997857
4362		0.997857
4363		0.997857
4364		0.997857
4365		0.997857
4366		0.997857
4367		0.997857
4368		0.997857
4369		0.997857
4370		0.997857
4371		0.997857
4372		0.997857
4373		0.997857
4374		0.997857
4375		0.997857
4376		0.997857
4377		0.997857
4378		0.997857
4379		0.997857
4380		0.997857
4381		0.997857
4382		0.997857
4383		0.997857
4384		0.997857
4385		0.997857
4386		0.997857
4387		0.997857
4388		0.997857
4389		0.997857
4390		0.997857
4391		0.997857
4392		0.997857
4393		0.997857
4394		0.997857
4395		0.997857
4396		0.997857
4397		0.997857
4398		0.997857
4399		0.997857
4400		0.997857
4401		0.997857
4402		0.997857
4403		0.997857
4404		0.997857
4405		0.997857
4406		0.997857
4407		0.997857
4408		0.997857
4409		0.997857
4410		0.997857
4411		0.997857
4412		0.997857
4413		0.997857
4414		0.997857
4415		0.997857
4416		0.997857
4417		0.997857
4418		0.997857
4419		0.997857
4420		0.997857
4421		0.997857
4422		0.997857
4423		0.997857
4424		0.997857
4425		0.997857
4426		0.997857
4427		0.997857
4428		0.997857
4429		0.997857
4430		0.997857
4431		0.997857
4432		0.997857
4433		0.997857
4434		0.997857
4435		0.997857
4436		0.997857
4437		0.997857
4438		0.997857
4439		0.997857
4440		0.997857
4441		0.997857
4442		0.997857
4443		0.997857
4444		0.997857
4445		0.997857
4446		0.997857
4447		0.997857
4448		0.997857
4449		0.997857
4450		0.997857
4451		0.997857
4452		0.997857
4453		0.997857
4454		0.997857
4455		0.997857
4456		0.997857
4457		0.997857
4458		0.997857
4459		0.997857
4460		0.997857
4461		0.997857
4462		0.997857
4463		0.997857
4464		0.997857
4465		0.997857
4466		0.997857
4467		0.997857
4468		0.997857
4469		0.997857
4470		0.997857
4471		0.997857
4472		0.997857
4473		0.997857
4474		0.997857
4475		0.997857
4476		0.997857
4477		0.997857
4478		0.997857
4479		0.997857
4480		0.997857
4481		0.997857
4482		0.997857
4483		0.997857
4484		0.997857
4485		0.997857
4486		0.997857
4487		0.997857
4488		0.997857
4489		0.997857
4490		0.997857
4491		0.997857
4492		0.997857
4493		0.997857
4494		0.997857
4495		0.997857
4496		0.997857
4497		0.997857
4498		0.997857
4499		0.997857
4500		0.997857
4501		0.997857
4502		0.997857
4503		0.997857
4504		0.997857
4505		0.997857
4506		0.997857
4507		0.997857
4508		0.997857
4509		0.997857
4510		0.997857
4511		0.997857
4512		0.997857
4513		0.997857
4514		0.997857
4515		0.997857
4516		0.997857
4517		0.997857
4518		0.997857
4519		0.997857
4520		0.997857
4521		0.997857
4522		0.997857
4523		0.997857
4524		0.997857
4525		0.997857
4526		0.997857
4527		0.997857
4528		0.997857
4529		0.997857
4530		0.997857
4531		0.997857
4532		0.997857
4533		0.997857
4534		0.997857
4535		0.997857
4536		0.997857
4537		0.997857
4538		0.997857
4539		0.997857
4540		0.997857
4541		0.997857
4542		0.997857
4543		0.997857
4544		0.997857
4545		0.997857
4546		0.997857
4547		0.997857
4548		0.997857
4549		0.997857
4550		0.997857
4551		0.997857
4552		0.997857
4553		0.997857
4554		0.997857
4555		0.997857
4556		0.997857
4557		0.997857
4558		0.997857
4559		0.997857
4560		0.997857
4561		0.997857
4562		0.997857
4563		0.997857
4564		0.997857
4565		0.997857
4566		0.997857
4567		0.997857
4568		0.997857
4569		0.997857
4570		0.997857
4571		0.997857
4572		0.997857
4573		0.997857
4574		0.997857
4575		0.997857
4576		0.997857
4577		0.997857
4578		0.997857
4579		0.997857
4580		0.997857
4581		0.997857
4582		0.997857
4583		0.997857
4584		0.997857
4585		0.997857
4586		0.997857
4587		0.997857
4588		0.997857
4589		0.997857
4590		0.997857
4591		0.997857
4592		0.997857
4593		0.997857
4594		0.997857
4595		0.997857
4596		0.997857
4597		0.997857
4598		0.997857
4599		0.997857
4600		0.997857
4601		0.997857
4602		0.997857
4603		0.997857
4604		0.997857
4605		0.997857
4606		0.997857
4607		0.997857
4608		0.997857
4609		0.997857
4610		0.997857
4611		0.997857
4612		0.997857
4613		0.997857
4614		0.997857
4615		0.997857
4616		0.997857
4617		0.997857
4618		0.997857
4619		0.997857
4620		0.997857
4621		0.997857
4622		0.997857
4623		0.997857
4624		0.997857
4625		0.997857
4626		0.997857
4627		0.997857
4628		0.997857
4629		0.997857
4630		0.997857
4631		0.997857
4632		0.997857
4633		0.997857
4634		0.997857
4635		0.997857
4636		0.997857
4637		0.997857
4638		0.997857
4639		0.997857
4640		0.997857
4641		0.997857
4642		0.997857
4643		0.997857
4644		0.997857
4645		0.997857
4646		0.997857
4647		0.997857
4648		0.997857
4649		0.997857
4650		0.997857
4651		0.997857
4652		0.997857
4653		0.997857
4654		0.997857
4655		0.997857
4656		0.997857
4657		0.997857
4658		0.997857
4659		0.997857
4660		0.997857
4661		0.997857
4662		0.997857
4663		0.997857
4664		0.997857
4665		0.997857
4666		0.997857
4667		0.997857
4668		0.997857
4669		0.997857
4670		0.997857
4671		0.997857
4672		0.997857
4673		0.997857
4674		0.997857
4675		0.997857
4676		0.997857
4677		0.997857
4678		0.997857
4679		0.997857
4680		0.997857
4681		0.997857
4682		0.997857
4683		0.997857
4684		0.997857
4685		0.997857
4686		0.997857
4687		0.997857
4688		0.997857
4689		0.997857
4690		0.997857
4691		0.997857
4692		0.997857
4693		0.997857
4694		0.997857
4695		0.997857
4696		0.997857
4697		0.997857
4698		0.997857
4699		0.997857
4700		0.997857
4701		0.997857
4702		0.997857
4703		0.997857
4704		0.997857
4705		0.997857
4706		0.997857
4707		0.997857
4708		0.997857
4709		0.997857
4710		0.997857
4711		0.997857
4712		0.997857
4713		0.997857
4714		0.997857
4715		0.997857
4716		0.997857
4717		0.997857
4718		0.997857
4719		0.997857
4720		0.997857
4721		0.997857
4722		0.997857
4723		0.997857
4724		0.997857
4725		0.997857
4726		0.997857
4727		0.997857
4728		0.997857
4729		0.997857
4730		0.997857
4731		0.997857
4732		0.997857
4733		0.997857
4734		0.997857
4735		0.997857
4736		0.997857
4737		0.997857
4738		0.997857
4739		0.997857
4740		0.997857
4741		0.997857
4742		0.997857
4743		0.997857
4744		0.997857
4745		0.997857
4746		0.997857
4747		0.997857
4748		0.997857
4749		0.997857
4750		0.997857
4751		0.997857
4752		0.997857
4753		0.997857
4754		0.997857
4755		0.997857
4756		0.997857
4757		0.997857
4758		0.997857
4759		0.997857
4760		0.997857
4761		0.997857
4762		0.997857
4763		0.997857
4764		0.997857
4765		0.997857
4766		0.997857
4767		0.997857
4768		0.997857
4769		0.997857
4770		0.997857
4771		0.997857
4772		0.997857
4773		0.997857
4774		0.997857
4775		0.997857
4776		0.997857
4777		0.997857
4778		0.997857
4779		0.997857
4780		0.997857
4781		0.997857
4782		0.997857
4783		0.997857
4784		0.997857
4785		0.997857
4786		0.997857
4787		0.997857
4788		0.997857
4789		0.997857
4790		0.997857
4791		0.997857
4792		0.997857
4793		0.997857
4794		0.997857
4795		0.997857
4796		0.997857
4797		0.997857
4798		0.997857
4799		0.997857
4800		0.997857
4801		0.997857
4802		0.997857
4803		0.997857
4804		0.997857
4805		0.997857
4806		0.997857
4807		0.997857
4808		0.997857
4809		0.997857
4810		0.997857
4811		0.997857
4812		0.997857
4813		0.997857
4814		0.997857
4815		0.997857
4816		0.997857
4817		0.997857
4818		0.997857
4819		0.997857
4820		0.997857
4821		0.997857
4822		0.997857
4823		0.997857
4824		0.997857
4825		0.997857
4826		0.997857
4827		0.997857
4828		0.997857
4829		0.997857
4830		0.997857
4831		0.997857
4832		0.997857
4833		0.997857
4834		0.997857
4835		0.997857
4836		0.997857
4837		0.997857
4838		0.997857
4839		0.997857
4840		0.997857
4841		0.997857
4842		0.997857
4843		0.997857
4844		0.997857
4845		0.997857
4846		0.997857
4847		0.997857
4848		0.997857
4849		0.997857
4850		0.997857
4851		0.997857
4852		0.997857
4853		0.997857
4854		0.997857
4855		0.997857
4856		0.997857
4857		0.997857
4858		0.997857
4859		0.997857
4860		0.997857
4861		0.997857
4862		0.997857
4863		0.997857
4864		0.997857
4865		0.997857
4866		0.997857
4867		0.997857
4868		0.997857
4869		0.997857
4870		0.997857
4871		0.997857
4872		0.997857
4873		0.997857
4874		0.997857
4875		0.997857
4876		0.997857
4877		0.997857
4878		0.997857
4879		0.997857
4880		0.997857
4881		0.997857
4882		0.997857
4883		0.997857
4884		0.997857
4885		0.997857
4886		0.997857
4887		0.997857
4888		0.997857
4889		0.997857
4890		0.997857
4891		0.997857
4892		0.997857
4893		0.997857
4894		0.997857
4895		0.997857
4896		0.997857
4897		0.997857
4898		0.997857
4899		0.997857
4900		0.997857
4901		0.997857
4902		0.997857
4903		0.997857
4904		0.997857
4905		0.997857
4906		0.997857
4907		0.997857
4908		0.997857
4909		0.997857
4910		0.997857
4911		0.997857
4912		0.997857
4913		0.997857
4914		0.997857
4915		0.997857
4916		0.997857
4917		0.997857
4918		0.997857
4919		0.997857
4920		0.997857
4921		0.997857
4922		0.997857
4923		0.997857
4924		0.997857
4925		0.997857
4926		0.997857
4927		0.997857
4928		0.997857
4929		0.997857
4930		0.997857
4931		0.997857
4932		0.997857
4933		0.997857
4934		0.997857
4935		0.997857
4936		0.997857
4937		0.997857
4938		0.997857
4939		0.997857
4940		0.997857
4941		0.997857
4942		0.997857
4943		0.997857
4944		0.997857
4945		0.997857
4946		0.997857
4947		0.997857
4948		0.997857
4949		0.997857
4950		0.997857
4951		0.997857
4952		0.997857
4953		0.997857
4954		0.997857
4955		0.997857
4956		0.997857
4957		0.997857
4958		0.997857
4959		0.997857
4960		0.997857
4961		0.997857
4962		0.997857
4963		0.997857
4964		0.997857
4965		0.997857
4966		0.997857
4967		0.997857
4968		0.997857
4969		0.997857
4970		0.997857
4971		0.997857
4972		0.997857
4973		0.997857
4974		0.997857
4975		0.997857
4976		0.997857
4977		0.997857
4978		0.997857
4979		0.997857
4980		0.997857
4981		0.997857
4982		0.997857
4983		0.997857
4984		0.997857
4985		0.997857
4986		0.997857
4987		0.997857
4988		0.997857
4989		0.997857
4990		0.997857
4991		0.997857
4992		0.997857
4993		0.997857
4994		0.997857
4995		0.997857
4996		0.997857
4997		0.997857
4998		0.997857
4999		0.997857
